zpid,Status Type,Status Text,Time On Zillow,rent,Area,Price Per Sqft,Zestimate,Zestimate Price Per Sqft,Rent Zestimate,Lot Area,Lot Area Unit,Beds,Bathrooms,Address,Street,city,State,Zipcode,latitude,longitude,Broker Name,is zillow owned,Sold Date,Sold Price,fips_code,geo_id
2080939045,FOR_RENT,Apartment for rent,,1473.0,745.0,2.0,,,1268.0,,,2.0,1.0,"Rock Creek, 2323 32nd St W APT 24, Billings, MT 59102",2323 32nd St W APT 24,Billings,MT,59102,45.79356,-108.59367,,False,,,,
450251486,FOR_RENT,Apartment for rent,,1075.0,700.0,2.0,,,,,,2.0,1.0,"Phoenix On 10th, 1800 9th Ave S, Great Falls, MT 59405",1800 9th Ave S #09C3D0890,Great Falls,MT,59405,47.49515,-111.27631,,False,,,,
452160559,FOR_RENT,Apartment for rent,,1799.0,300.0,6.0,,,,,,,1.0,"Billings - West End, 4950 Southgate Dr, Billings, MT 59101",4950 Southgate Dr #7065,Billings,MT,59101,45.75306,-108.54096,,False,,,,
443287791,FOR_RENT,Apartment for rent,,250.0,650.0,0.0,,,,,,1.0,1.0,"Nemont Manor Senior Apartments, 1100 4th Ave S, Glasgow, MT 59230",1100 4th Ave S #1B-1BA-650SQFT,Glasgow,MT,59230,48.19557,-106.64793,,False,,,,
455163227,FOR_RENT,Apartment for rent,,1195.0,660.0,2.0,,,,,,1.0,1.0,"Porter Apts, 107 4710th Expy, Missoula, MT 59808",107 4710th Expy,Missoula,MT,59808,46.91493,-114.061676,,False,,,,
351585054,FOR_RENT,Apartment for rent,,2025.0,1023.0,2.0,,,1834.0,,,2.0,2.0,"Millhouse East + West, 5242 Fallon St #5290-200, Bozeman, MT 59718",5242 Fallon St #5290-200,Bozeman,MT,59718,45.674873,-111.10908,,False,,,,
447179178,FOR_RENT,Apartment for rent,,1471.0,879.0,2.0,,,,,,2.0,1.0,"Castlebar Apartments, 1201 N 25th Ave, Bozeman, MT 59718",1201 N 25th Ave #CBE610C4D,Bozeman,MT,59718,45.69175,-111.07158,,False,,,,
452165795,FOR_RENT,Apartment for rent,,2455.0,300.0,8.0,,,,,,,1.0,"Great Falls - Missouri River, 800 River Dr S, Great Falls, MT 59405",800 River Dr S #7068,Great Falls,MT,59405,47.4963,-111.30803,,False,,,,
2057143546,FOR_RENT,Apartment for rent,,1550.0,850.0,2.0,,,1522.0,,,2.0,1.0,"American Way Apartments, 3520-3530 American Way #3520-205, Missoula, MT 59808",3520-3530 American Way #3520-205,Missoula,MT,59808,46.89082,-114.046074,,False,,,,
455557090,FOR_RENT,Apartment for rent,,1195.0,825.0,1.0,,,,,,2.0,1.0,"Midtown Apartments, 555 S Catlin St, Missoula, MT 59801",555 S Catlin St #M2BD,Missoula,MT,59801,46.866318,-114.02335,,False,,,,
448599589,FOR_RENT,Apartment for rent,,1495.0,556.0,3.0,,,,,,1.0,1.0,"Skyview Lofts, 2105 3rd Ave E #A205, Kalispell, MT 59901",2105 3rd Ave E #A205,Kalispell,MT,59901,48.179344,-114.30113,,False,,,,
450897088,FOR_RENT,Apartment for rent,,1107.0,1068.0,1.0,,,,,,2.0,1.0,"Union Place, 2500 Great Northern Ave, Missoula, MT 59808",2500 Great Northern Ave #BE0E399D3,Missoula,MT,59808,46.889637,-114.03502,,False,,,,
348554504,FOR_RENT,Apartment for rent,,995.0,502.0,2.0,,,1080.0,,,,1.0,"Shiloh Glen, 3900 Olympic Blvd, Billings, MT 59102",3900 Olympic Blvd #2523768,Billings,MT,59102,45.757282,-108.61554,,False,,,,
441822927,FOR_RENT,Apartment for rent,,1295.0,,,,,,,,2.0,1.0,"Wilson Heights, 2410 39th St, Missoula, MT 59801",2410 39th St #2B-1BA,Missoula,MT,59801,46.834343,-114.03754,,False,,,,
455318905,FOR_RENT,Apartment for rent,,1475.0,960.0,2.0,,,,,,2.0,1.0,"Mountain Shadows, 1201 SW Higgins Ave #1209E, Missoula, MT 59803",1201 SW Higgins Ave #1209E,Missoula,MT,59803,46.833935,-114.01622,,False,,,,
443219373,FOR_RENT,Apartment for rent,,1200.0,504.0,2.0,,,,,,1.0,1.0,"Buffalo Jump Apartments, 402 Madison Ave, West Yellowstone, MT 59758",402 Madison Ave #1B-1BA-504SQFT,West Yellowstone,MT,59758,44.66023,-111.10648,,False,,,,
452044666,FOR_RENT,Apartment for rent,,1962.0,1502.0,1.0,,,,,,3.0,2.0,"Alpenglow, 536 Edgewood Pl #520B, Whitefish, MT 59937",536 Edgewood Pl #520B,Whitefish,MT,59937,48.415844,-114.3423,,False,,,,
447178999,FOR_RENT,Apartment for rent,,1226.0,450.0,3.0,,,,,,1.0,1.0,"Comstock Apartments, 777 Haggerty Ln, Bozeman, MT 59715",777 Haggerty Ln #EA7B04086,Bozeman,MT,59715,45.67194,-111.01014,,False,,,,
453172968,FOR_RENT,Apartment for rent,,1108.0,565.0,2.0,,,,,,1.0,1.0,"Central Court Village, 78 27th St W APT 102, Billings, MT 59102",78 27th St W APT 102,Billings,MT,59102,45.771957,-108.585686,,False,,,,
442295839,FOR_RENT,Apartment for rent,,1050.0,650.0,2.0,,,,,,1.0,1.0,"Aubrey Place, 2875 Latimer St #2885-B106, Missoula, MT 59808",2875 Latimer St #2885-B106,Missoula,MT,59808,46.88984,-114.033066,,False,,,,
442404107,FOR_RENT,Apartment for rent,,1300.0,696.0,2.0,,,,,,2.0,1.0,"Lolo Peak Village LP, 6134 Lay About Ln #6156201, Lolo, MT 59847",6134 Lay About Ln #6156201,Lolo,MT,59847,46.76478,-114.082886,,False,,,,
439723486,FOR_RENT,Apartment for rent,,1095.0,,,,,,,,1.0,1.0,"East Village, 270 Broken Top Ln, Missoula, MT 59802",270 Broken Top Ln #1B-1BA,Missoula,MT,59802,46.87042,-113.94769,,False,,,,
450001781,FOR_RENT,Apartment for rent,,850.0,575.0,1.0,,,,,,1.0,1.0,"Dearborn Apartments, 121 5th St N, Great Falls, MT 59401",121 5th St N #83FD90185,Great Falls,MT,59401,47.507183,-111.298676,,False,,,,
2108791705,FOR_RENT,Apartment for rent,,1100.0,1200.0,1.0,,,1033.0,,,2.0,1.0,"1431 Sourdough Lane, 1431 Sourdough Ln APT 3, Billings, MT 59105",1431 Sourdough Ln APT 3,Billings,MT,59105,45.825092,-108.48807,,False,,,,
2078402193,FOR_RENT,Apartment for rent,,775.0,550.0,1.0,,,1018.0,,,1.0,1.0,"Pennsylvania apartments, 116 3rd Ave N #301, Great Falls, MT 59401",116 3rd Ave N #301,Great Falls,MT,59401,47.508312,-111.30502,,False,,,,
2054200328,FOR_RENT,Apartment for rent,,1300.0,,,,,1362.0,,,2.0,1.0,"Lacey's Place, 210 N California St, Missoula, MT 59801",210 N California St #22D132A71,Missoula,MT,59801,46.872204,-114.0137,,False,,,,
440022035,FOR_RENT,House for rent,,2650.0,1560.0,2.0,709700.0,455.0,,,,3.0,2.0,"4395 Us Highway 93 W #7, Whitefish, MT 59937",4395 Us Highway 93 W #7,Whitefish,MT,59937,48.431828,-114.47583,,False,,,,
345370907,FOR_RENT,Townhouse for rent,,3950.0,1556.0,3.0,932300.0,599.0,,,,2.0,3.0,"125 Bridger Meadow Trl UNIT B, Bozeman, MT 59715",125 Bridger Meadow Trl UNIT B,Bozeman,MT,59715,45.82077,-110.89881,,False,,,,
3137177,FOR_RENT,House for rent,,2750.0,1550.0,2.0,472100.0,305.0,2738.0,,,3.0,2.0,"2225 Mount Ave, Missoula, MT 59801",2225 Mount Ave,Missoula,MT,59801,46.855812,-114.0332,,False,,,,
448426937,FOR_RENT,Apartment for rent,,3200.0,2060.0,2.0,,,,,,4.0,3.0,"600 Morrison Ave #D, Belgrade, MT 59714",600 Morrison Ave #D,Belgrade,MT,59714,45.75418,-111.16812,,False,,,,
2083816748,FOR_RENT,Townhouse for rent,,2900.0,2100.0,1.0,517800.0,247.0,2883.0,,,3.0,3.0,"925 Twin Lakes Ave UNIT B, Bozeman, MT 59718",925 Twin Lakes Ave UNIT B,Bozeman,MT,59718,45.689545,-111.10671,,False,,,,
74925401,FOR_RENT,House for rent,,4200.0,1118.0,4.0,630500.0,564.0,2855.0,,,5.0,2.0,"1223 N 8th Ave, Bozeman, MT 59715",1223 N 8th Ave,Bozeman,MT,59715,45.69206,-111.04864,,False,,,,
51608351,FOR_RENT,House for rent,,1400.0,518.0,3.0,,,1260.0,,,2.0,1.0,"211 S 32nd St, Billings, MT 59101",211 S 32nd St,Billings,MT,59101,45.77612,-108.50658,,False,,,,
121253124,FOR_RENT,House for rent,,3150.0,2040.0,2.0,499200.0,245.0,2706.0,,,4.0,4.0,"4214 Hermione Ln, Missoula, MT 59808",4214 Hermione Ln,Missoula,MT,59808,46.915543,-114.05451,,False,,,,
449351750,FOR_RENT,Apartment for rent,,1900.0,1050.0,2.0,676800.0,645.0,,,,2.0,1.0,"800-802 Marshall St, Missoula, MT 59801",800-802 Marshall St,Missoula,MT,59801,46.861465,-114.01443,,False,,,,
443111377,FOR_RENT,Apartment for rent,,1950.0,800.0,2.0,,,,,,2.0,1.0,"40 Mountain View Blvd #1, Billings, MT 59101",40 Mountain View Blvd #1,Billings,MT,59101,45.797,-108.51616,,False,,,,
3176111,FOR_RENT,Townhouse for rent,,2500.0,2546.0,1.0,316200.0,124.0,1712.0,,,3.0,2.0,"2033 Meadowood St, Billings, MT 59102",2033 Meadowood St,Billings,MT,59102,45.790806,-108.575066,,False,,,,
455362986,FOR_RENT,House for rent,,3800.0,3352.0,1.0,,,,,,3.0,3.0,"759 1st Avenue En, Kalispell, MT 59901",759 1st Avenue En,Kalispell,MT,59901,48.208042,-114.31504,,False,,,,
74928723,FOR_RENT,Apartment for rent,,3500.0,2041.0,2.0,928800.0,455.0,3481.0,,,3.0,2.0,"1757 Highland Blvd UNIT 19, Bozeman, MT 59715",1757 Highland Blvd UNIT 19,Bozeman,MT,59715,45.66242,-111.021935,,False,,,,
2062512076,FOR_RENT,Apartment for rent,,2050.0,900.0,2.0,,,1896.0,,,2.0,1.0,"816 W Olive St #B, Bozeman, MT 59715",816 W Olive St #B,Bozeman,MT,59715,45.67705,-111.0488,,False,,,,
455156151,FOR_RENT,Apartment for rent,,2700.0,575.0,5.0,,,,,,1.0,1.0,"329 N Broadway Ave #A, Bozeman, MT 59715",329 N Broadway Ave #A,Bozeman,MT,59715,45.68369,-111.02483,,False,,,,
331263171,FOR_RENT,House for rent,,4500.0,2380.0,2.0,723200.0,304.0,3889.0,,,4.0,3.0,"1719 Dillon Ave, Belgrade, MT 59714",1719 Dillon Ave,Belgrade,MT,59714,45.797115,-111.14643,,False,,,,
74922180,FOR_RENT,House for rent,,3550.0,1658.0,2.0,658300.0,397.0,3307.0,,,3.0,3.0,"10 Meagher Ave, Bozeman, MT 59718",10 Meagher Ave,Bozeman,MT,59718,45.679756,-111.08613,,False,,,,
448778073,FOR_RENT,Apartment for rent,,5000.0,1800.0,3.0,,,,,,5.0,3.0,"407 S 10th Ave UNIT 1, Bozeman, MT 59715",407 S 10th Ave UNIT 1,Bozeman,MT,59715,45.674973,-111.051,,False,,,,
2055205874,FOR_RENT,Townhouse for rent,,2000.0,1088.0,2.0,307700.0,283.0,1824.0,,,2.0,3.0,"1718 Saint George Blvd, Billings, MT 59101",1718 Saint George Blvd,Billings,MT,59101,45.738686,-108.570816,,False,,,,
2059773799,FOR_RENT,Apartment for rent,,1095.0,800.0,1.0,,,977.0,,,2.0,1.0,"1117 N 19th St UNIT 4, Billings, MT 59101",1117 N 19th St UNIT 4,Billings,MT,59101,45.796852,-108.50339,,False,,,,
455125814,FOR_RENT,Apartment for rent,,925.0,700.0,1.0,,,,,,1.0,1.0,"1336 9th St S #7, Great Falls, MT 59405",1336 9th St S #7,Great Falls,MT,59405,47.49003,-111.29243,,False,,,,
3142353,FOR_RENT,Apartment for rent,,1300.0,700.0,2.0,1034600.0,1478.0,1292.0,,,,1.0,"616 E Sussex Ave, Missoula, MT 59801",616 E Sussex Ave,Missoula,MT,59801,46.850002,-113.98854,,False,,,,
455248358,FOR_RENT,Townhouse for rent,,1600.0,1800.0,1.0,286900.0,159.0,,,,3.0,3.0,"842 Terry Ave, Billings, MT 59101",842 Terry Ave,Billings,MT,59101,45.774746,-108.5379,,False,,,,
3130717,FOR_RENT,House for rent,,3450.0,2200.0,2.0,1132900.0,515.0,3115.0,,,3.0,2.0,"4707 Aspen Dr, Missoula, MT 59802",4707 Aspen Dr,Missoula,MT,59802,46.908222,-113.95731,,False,,,,
2112864903,FOR_RENT,Apartment for rent,,1920.0,1250.0,2.0,,,1910.0,,,3.0,1.0,"504 W Central Ave APT D, Belgrade, MT 59714",504 W Central Ave APT D,Belgrade,MT,59714,45.780834,-111.18367,,False,,,,
453542403,FOR_RENT,Apartment for rent,,1850.0,1200.0,2.0,,,,,,2.0,1.0,"303 9th St #B, Belgrade, MT 59714",303 9th St #B,Belgrade,MT,59714,45.78699,-111.18808,,False,,,,
203159016,FOR_RENT,Apartment for rent,,1300.0,1232.0,1.0,,,1440.0,,,2.0,2.0,"3177 Colton Blvd, Billings, MT 59102",3177 Colton Blvd,Billings,MT,59102,45.791626,-108.5947,,False,,,,
455004403,FOR_RENT,Apartment for rent,,1600.0,800.0,2.0,,,,,,1.0,1.0,"516 S 8th Ave #E4, Bozeman, MT 59715",516 S 8th Ave #E4,Bozeman,MT,59715,45.67372,-111.047485,,False,,,,
212900800,FOR_RENT,Townhouse for rent,,3500.0,1865.0,2.0,603200.0,323.0,2834.0,,,3.0,3.0,"2742 Hedgerow Ct, Bozeman, MT 59718",2742 Hedgerow Ct,Bozeman,MT,59718,45.699505,-111.07383,,False,,,,
454263099,FOR_RENT,Apartment for rent,,2100.0,1500.0,1.0,,,,,,,1.0,"1100 N Jackrabbit Ln, Belgrade, MT 59714",1100 N Jackrabbit Ln,Belgrade,MT,59714,45.686256,-111.18443,,False,,,,
78173533,FOR_RENT,House for rent,,1575.0,1011.0,2.0,231700.0,229.0,1564.0,,,3.0,1.0,"807 Wisconsin Ave, Libby, MT 59923",807 Wisconsin Ave,Libby,MT,59923,48.385895,-115.54635,,False,,,,
2082052820,FOR_RENT,Apartment for rent,,2950.0,1800.0,2.0,,,2291.0,,,2.0,2.0,"320 N Bozeman Ave #A, Bozeman, MT 59715",320 N Bozeman Ave #A,Bozeman,MT,59715,45.682724,-111.03397,,False,,,,
209651465,FOR_RENT,Apartment for rent,,1695.0,850.0,2.0,,,1478.0,,,2.0,1.0,"2727 W Central Ave APT 3, Missoula, MT 59804",2727 W Central Ave APT 3,Missoula,MT,59804,46.849815,-114.047134,,False,,,,
449360158,FOR_RENT,Townhouse for rent,,3200.0,2060.0,2.0,568900.0,276.0,,,,4.0,3.0,"607 Mira Way #B, Belgrade, MT 59714",607 Mira Way #B,Belgrade,MT,59714,45.75431,-111.17267,,False,,,,
62841585,FOR_RENT,Apartment for rent,,1800.0,1250.0,1.0,310300.0,248.0,1553.0,,,3.0,1.0,"2110 7th Ave S, Great Falls, MT 59405",2110 7th Ave S,Great Falls,MT,59405,47.49714,-111.27066,,False,,,,
2079734476,FOR_RENT,House for rent,,2190.0,2000.0,1.0,470300.0,235.0,2151.0,,,3.0,2.0,"2 Meadowlark Sq, Cascade, MT 59421",2 Meadowlark Sq,Cascade,MT,59421,47.13117,-111.893974,,False,,,,
3112931,FOR_RENT,House for rent,,4150.0,3080.0,1.0,578800.0,188.0,3423.0,,,5.0,4.0,"524 Fox Ct, Great Falls, MT 59404",524 Fox Ct,Great Falls,MT,59404,47.472477,-111.32121,,False,,,,
2096265837,FOR_RENT,Apartment for rent,,1125.0,800.0,1.0,,,1164.0,,,2.0,1.0,"4916 9th Ave S APT 1, Great Falls, MT 59405",4916 9th Ave S APT 1,Great Falls,MT,59405,47.49455,-111.2249,,False,,,,
3164488,FOR_RENT,House for rent,,1900.0,1500.0,1.0,360900.0,241.0,1986.0,,,3.0,1.0,"1224 Lewis Ave, Billings, MT 59102",1224 Lewis Ave,Billings,MT,59102,45.7804,-108.54767,,False,,,,
3136661,FOR_RENT,House for rent,,3200.0,2315.0,1.0,521300.0,225.0,3402.0,,,6.0,2.0,"1500 W Central Ave, Missoula, MT 59801",1500 W Central Ave,Missoula,MT,59801,46.850773,-114.018654,,False,,,,
307208138,FOR_RENT,House for rent,,2000.0,1280.0,2.0,491300.0,384.0,2010.0,,,4.0,2.0,"1884 Highway 221, Dutton, MT 59433",1884 Highway 221,Dutton,MT,59433,47.842293,-111.817535,,False,,,,
444790855,FOR_RENT,House for rent,,2950.0,916.0,3.0,502000.0,548.0,,,,1.0,1.0,"903 2nd St E, Whitefish, MT 59937",903 2nd St E,Whitefish,MT,59937,48.410393,-114.33089,,False,,,,
3165073,FOR_RENT,House for rent,,2200.0,2275.0,1.0,395300.0,174.0,2869.0,,,4.0,3.0,"817 N 31st St, Billings, MT 59101",817 N 31st St,Billings,MT,59101,45.787117,-108.5156,,False,,,,
212920302,FOR_RENT,House for rent,,2900.0,1488.0,2.0,515900.0,347.0,2716.0,,,3.0,2.0,"911 New Mexico Dr, Belgrade, MT 59714",911 New Mexico Dr,Belgrade,MT,59714,45.76376,-111.167145,,False,,,,
2061434990,FOR_RENT,Apartment for rent,,1700.0,1150.0,1.0,237500.0,207.0,1613.0,,,3.0,1.0,"4613 7th Ave S #1, Great Falls, MT 59405",4613 7th Ave S #1,Great Falls,MT,59405,47.497913,-111.226906,,False,,,,
3108863,FOR_RENT,House for rent,,1600.0,768.0,2.0,229400.0,299.0,1677.0,,,2.0,1.0,"2320 7th Ave S, Great Falls, MT 59405",2320 7th Ave S,Great Falls,MT,59405,47.49712,-111.266525,,False,,,,
2056813559,FOR_RENT,House for rent,,995.0,750.0,1.0,179400.0,239.0,986.0,,,1.0,1.0,"1129 1/2 Avenue C, Billings, MT 59102",1129 1/2 Avenue C,Billings,MT,59102,45.785984,-108.5282,,False,,,,
119776718,FOR_RENT,House for rent,,2800.0,1800.0,2.0,543100.0,302.0,2516.0,,,3.0,2.0,"3264 Arbor Dr, Helena, MT 59602",3264 Arbor Dr,Helena,MT,59602,46.6187,-112.04522,,False,,,,
92065519,FOR_RENT,House for rent,,3300.0,2100.0,2.0,551800.0,263.0,2453.0,,,3.0,2.0,"5321 E Gallatin Rd, Belgrade, MT 59714",5321 E Gallatin Rd,Belgrade,MT,59714,45.820465,-111.12431,,False,,,,
453899759,FOR_RENT,Townhouse for rent,,2250.0,1250.0,2.0,451100.0,361.0,,,,3.0,2.0,"737 Meagher Ave, Bozeman, MT 59718",737 Meagher Ave,Bozeman,MT,59718,45.6864,-111.08649,,False,,,,
122866473,FOR_RENT,Apartment for rent,,1700.0,980.0,2.0,329000.0,336.0,1939.0,,,2.0,2.0,"2226 Baxter Ln APT 1, Bozeman, MT 59718",2226 Baxter Ln APT 1,Bozeman,MT,59718,45.69882,-111.067696,,False,,,,
3105551,FOR_RENT,House for rent,,2000.0,1253.0,2.0,199900.0,160.0,1600.0,,,3.0,2.0,"313 5th Ave N, Great Falls, MT 59401",313 5th Ave N,Great Falls,MT,59401,47.51098,-111.30178,,False,,,,
455535229,FOR_RENT,Apartment for rent,,1195.0,,,,,,,,2.0,1.0,"1812 Phillips Street - 1, 1812 Phillips St, Missoula, MT 59802",1812 Phillips St #1,Missoula,MT,59802,46.881294,-114.017426,,False,,,,
3110231,FOR_RENT,House for rent,,2300.0,,,278800.0,,2224.0,,,4.0,2.0,"3222 2nd Ave N, Great Falls, MT 59401",3222 2nd Ave N,Great Falls,MT,59401,47.506958,-111.2507,,False,,,,
2126592700,FOR_RENT,House for rent,,1900.0,,,369700.0,,2181.0,,,3.0,3.0,"1043 Road Runner St APT 8, Helena, MT 59602",1043 Road Runner St APT 8,Helena,MT,59602,46.61848,-112.024124,,False,,,,
2106932657,FOR_RENT,Townhouse for rent,,1600.0,988.0,2.0,243200.0,246.0,1355.0,,,2.0,2.0,"2013 Saint Johns Ave, Billings, MT 59102",2013 Saint Johns Ave,Billings,MT,59102,45.771538,-108.5675,,False,,,,
455394267,FOR_RENT,Townhouse for rent,,2000.0,1900.0,1.0,,,,,,3.0,2.0,"614 E 1st St, Laurel, MT 59044",614 E 1st St,Laurel,MT,59044,45.672424,-108.76293,,False,,,,
116363533,FOR_RENT,House for rent,,2200.0,960.0,2.0,367000.0,382.0,2491.0,,,3.0,2.0,"114 Sunlight Ave, Bozeman, MT 59718",114 Sunlight Ave,Bozeman,MT,59718,45.680798,-111.07342,,False,,,,
3115874,FOR_RENT,House for rent,,2800.0,1072.0,3.0,316000.0,295.0,2723.0,,,4.0,2.0,"200 Smelter Ave NW, Great Falls, MT 59404",200 Smelter Ave NW,Great Falls,MT,59404,47.524258,-111.31809,,False,,,,
124446686,FOR_RENT,House for rent,,3450.0,3384.0,1.0,559800.0,165.0,3495.0,,,5.0,3.0,"3087 W Copper Ridge Loop, Billings, MT 59106",3087 W Copper Ridge Loop,Billings,MT,59106,45.801826,-108.68966,,False,,,,
78147654,FOR_RENT,House for rent,,3500.0,2200.0,2.0,949800.0,432.0,3702.0,,,3.0,2.0,"650 Crestwood Ct, Whitefish, MT 59937",650 Crestwood Ct,Whitefish,MT,59937,48.4255,-114.34031,,False,,,,
336858840,FOR_RENT,House for rent,,2995.0,1915.0,2.0,517800.0,270.0,3008.0,,,3.0,3.0,"2304 Mary Jane Blvd UNIT A, Missoula, MT 59808",2304 Mary Jane Blvd UNIT A,Missoula,MT,59808,46.891758,-114.05217,,False,,,,
119773243,FOR_RENT,Apartment for rent,,3000.0,1696.0,2.0,993200.0,586.0,3352.0,,,3.0,3.0,"1750 E Lakeshore Dr APT 150, Whitefish, MT 59937",1750 E Lakeshore Dr APT 150,Whitefish,MT,59937,48.436363,-114.34466,,False,,,,
74924684,FOR_RENT,House for rent,,3450.0,1580.0,2.0,539400.0,341.0,2826.0,,,3.0,3.0,"4231 Cover St, Bozeman, MT 59718",4231 Cover St,Bozeman,MT,59718,45.680878,-111.09597,,False,,,,
444535659,FOR_RENT,Apartment for rent,,4500.0,668.0,7.0,,,,,,2.0,1.0,"21 Sitting Bull Rd #1287, Big Sky, MT 59716",21 Sitting Bull Rd #1287,Big Sky,MT,59716,45.292496,-111.400185,,False,,,,
3110336,FOR_RENT,House for rent,,1600.0,842.0,2.0,231500.0,275.0,1489.0,,,2.0,1.0,"11 34th St N, Great Falls, MT 59401",11 34th St N,Great Falls,MT,59401,47.505478,-111.248146,,False,,,,
3180754,FOR_RENT,House for rent,,2800.0,2520.0,1.0,452000.0,179.0,2513.0,,,4.0,3.0,"52 White Sands Dr, Billings, MT 59102",52 White Sands Dr,Billings,MT,59102,45.768467,-108.61166,,False,,,,
2085329158,FOR_RENT,Apartment for rent,,1295.0,,,,,1008.0,,,1.0,1.0,"1809 S 11th St W APT 7, Missoula, MT 59801",1809 S 11th St W APT 7,Missoula,MT,59801,46.8595,-114.02451,,False,,,,
2079518468,FOR_RENT,Apartment for rent,,1000.0,,,,,1194.0,,,1.0,1.0,"301 W Park, 301 W Park St #2, Butte, MT 59701",301 W Park St #2,Butte,MT,59701,46.012768,-112.54077,,False,,,,
2079446604,FOR_RENT,Apartment for rent,,1100.0,1200.0,1.0,,,1242.0,,,2.0,2.0,"620 Lake Elmo Dr, Billings, MT 59105",620 Lake Elmo Dr,Billings,MT,59105,45.809612,-108.476524,,False,,,,
2071150802,FOR_RENT,House for rent,,775.0,,,227800.0,,1145.0,,,2.0,1.0,"4130 Arden Ave #3, Billings, MT 59101",4130 Arden Ave #3,Billings,MT,59101,45.76548,-108.51669,,False,,,,
446371944,FOR_RENT,House for rent,,2900.0,2464.0,1.0,962400.0,391.0,,,,3.0,3.0,"42 Indian Ridge Rd, Kalispell, MT 59901",42 Indian Ridge Rd,Kalispell,MT,59901,48.159634,-114.11017,,False,,,,
455327351,FOR_RENT,Apartment for rent,,1300.0,875.0,1.0,,,,,,2.0,1.0,"1216 20th Street South - 4, 1216 20th St S, Great Falls, MT 59405",1216 20th St S #4,Great Falls,MT,59405,47.491207,-111.2735,,False,,,,
68671579,FOR_RENT,Townhouse for rent,,2595.0,2113.0,1.0,302200.0,143.0,2458.0,,,4.0,3.0,"2331 Northern Lights Dr, Great Falls, MT 59401",2331 Northern Lights Dr,Great Falls,MT,59401,47.512646,-111.26623,,False,,,,
2093150522,FOR_RENT,Apartment for rent,,1750.0,600.0,3.0,,,1219.0,,,1.0,1.0,"1401 Stoddard St APT 3, Missoula, MT 59802",1401 Stoddard St APT 3,Missoula,MT,59802,46.883682,-114.01108,,False,,,,
119774371,FOR_RENT,Townhouse for rent,,2600.0,1515.0,2.0,427300.0,282.0,2693.0,,,3.0,3.0,"3147 Cattail St APT B, Bozeman, MT 59718",3147 Cattail St APT B,Bozeman,MT,59718,45.70778,-111.08008,,False,,,,
445964648,FOR_RENT,Apartment for rent,,2800.0,660.0,4.0,,,,,,1.0,1.0,"5 W Mendenhall St #315, Bozeman, MT 59718",5 W Mendenhall St #315,Bozeman,MT,59718,45.680607,-111.03775,,False,,,,
2087856142,FOR_RENT,Apartment for rent,,1750.0,850.0,2.0,,,1669.0,,,2.0,1.0,"519 S 15th Ave APT 4, Bozeman, MT 59715",519 S 15th Ave APT 4,Bozeman,MT,59715,45.67347,-111.05753,,False,,,,
441137696,FOR_RENT,Apartment for rent,,1300.0,1140.0,1.0,,,,,,3.0,1.0,"4245 Central Avenue - 2, 4245 Central Ave, Great Falls, MT 59405",4245 Central Ave #2,Great Falls,MT,59405,47.50522,-111.231415,,False,,,,
455037926,FOR_RENT,Apartment for rent,,1295.0,1100.0,1.0,,,,,,2.0,2.0,"1417 13th St S #7, Great Falls, MT 59405",1417 13th St S #7,Great Falls,MT,59405,47.491245,-111.28243,,False,,,,
2094914886,FOR_RENT,Apartment for rent,,1650.0,865.0,2.0,,,1881.0,,,2.0,1.0,"805 W Villard St APT 9, Bozeman, MT 59715",805 W Villard St APT 9,Bozeman,MT,59715,45.683117,-111.04759,,False,,,,
303844450,FOR_RENT,Townhouse for rent,,3400.0,1230.0,3.0,400000.0,325.0,3000.0,,,2.0,2.0,"12 E Garfield St APT D1, Bozeman, MT 59715",12 E Garfield St APT D1,Bozeman,MT,59715,45.66704,-111.037544,,False,,,,
452105938,FOR_RENT,Apartment for rent,,1600.0,810.0,2.0,,,,,,2.0,2.0,"917 7th Avenue South - 917 Unit-A, 917 7th Ave S, Great Falls, MT 59405",917 7th Ave S #A,Great Falls,MT,59405,47.497875,-111.29109,,False,,,,
243049624,FOR_RENT,Townhouse for rent,,2300.0,1550.0,1.0,602200.0,389.0,2399.0,,,3.0,3.0,"115 Swan Mountain Dr, Kalispell, MT 59901",115 Swan Mountain Dr,Kalispell,MT,59901,48.22302,-114.25136,,False,,,,
455255489,FOR_RENT,Apartment for rent,,2200.0,,,,,,,,3.0,2.0,"110 N 11th, 110 N 11th St #A, Belgrade, MT 59714",110 N 11th St #A,Belgrade,MT,59714,45.78628,-111.19133,,False,,,,
78162109,FOR_RENT,House for rent,,2600.0,1307.0,2.0,393200.0,301.0,2118.0,,,2.0,2.0,"820 Power St, Helena, MT 59601",820 Power St,Helena,MT,59601,46.5931,-112.049774,,False,,,,
230846390,FOR_RENT,House for rent,,1400.0,1400.0,1.0,704600.0,503.0,2041.0,,,1.0,2.0,"957 N Shoshone Loop, Hamilton, MT 59840",957 N Shoshone Loop,Hamilton,MT,59840,46.193764,-114.09696,,False,,,,
78138937,FOR_RENT,House for rent,,2800.0,1842.0,2.0,459200.0,249.0,2692.0,,,5.0,1.0,"735 S Main St, Kalispell, MT 59901",735 S Main St,Kalispell,MT,59901,48.191284,-114.31046,,False,,,,
2085888229,FOR_RENT,Townhouse for rent,,975.0,,,233400.0,,1199.0,,,2.0,1.0,"728 1/2 N 14th St, Billings, MT 59101",728 1/2 N 14th St,Billings,MT,59101,45.790817,-108.48898,,False,,,,
3144323,FOR_RENT,House for rent,,2700.0,,,520900.0,,3437.0,,,4.0,3.0,"5690 Dove Ct, Lolo, MT 59847",5690 Dove Ct,Lolo,MT,59847,46.761635,-114.07578,,False,,,,
2083063741,FOR_RENT,Apartment for rent,,2250.0,1000.0,2.0,,,2512.0,,,2.0,1.0,"3105 Mistral Way, Bozeman, MT 59718",3105 Mistral Way,Bozeman,MT,59718,45.693428,-111.08093,,False,,,,
2082677093,FOR_RENT,Apartment for rent,,1250.0,760.0,2.0,,,1043.0,,,2.0,1.0,"Ponderosa, 521 3rd Ave N APT 4, Great Falls, MT 59401",521 3rd Ave N APT 4,Great Falls,MT,59401,47.508907,-111.297646,,False,,,,
455139431,FOR_RENT,Apartment for rent,,1900.0,,,,,,,,3.0,1.0,"9 Michael Grove Ave #9, Bozeman, MT 59718",9 Michael Grove Ave #9,Bozeman,MT,59718,45.67895,-111.07765,,False,,,,
2090316748,FOR_RENT,Apartment for rent,,700.0,,,,,1016.0,,,1.0,1.0,"106 State Street, 106 State St APT 4, Hamilton, MT 59840",106 State St APT 4,Hamilton,MT,59840,46.246147,-114.15658,,False,,,,
74927047,FOR_RENT,House for rent,,3995.0,1730.0,2.0,629000.0,364.0,3569.0,,,5.0,2.0,"2512 Daisy Dr, Bozeman, MT 59718",2512 Daisy Dr,Bozeman,MT,59718,45.689636,-111.070465,,False,,,,
78129830,FOR_RENT,House for rent,,1700.0,850.0,2.0,181000.0,213.0,1620.0,,,4.0,1.0,"715 E Park Ave, Anaconda, MT 59711",715 E Park Ave,Anaconda,MT,59711,46.127422,-112.94366,,False,,,,
3145748,FOR_RENT,Apartment for rent,,1795.0,,,,,1991.0,,,2.0,2.0,"5110 Village View Way APT 3, Missoula, MT 59803",5110 Village View Way APT 3,Missoula,MT,59803,46.82163,-114.029274,,False,,,,
74927751,FOR_RENT,House for rent,,3200.0,2000.0,2.0,687100.0,344.0,2984.0,,,4.0,2.0,"1319 Cherry Dr, Bozeman, MT 59715",1319 Cherry Dr,Bozeman,MT,59715,45.658844,-111.017426,,False,,,,
2053240927,FOR_RENT,Apartment for rent,,1450.0,1260.0,1.0,,,1790.0,,,3.0,2.0,"1265-1265 1/2 Farrell, 1265 1/2 Farrell St, Butte, MT 59701",1265 1/2 Farrell St,Butte,MT,59701,46.00501,-112.499344,,False,,,,
97896522,FOR_RENT,House for rent,,1495.0,,,,,1901.0,,,3.0,2.0,"159 Esteban Ln, Bigfork, MT 59911",159 Esteban Ln,Bigfork,MT,59911,48.11702,-114.07618,,False,,,,
116365108,FOR_RENT,House for rent,,2650.0,2300.0,1.0,606400.0,264.0,2742.0,,,4.0,2.0,"25 Buffalo Dr, West Yellowstone, MT 59758",25 Buffalo Dr,West Yellowstone,MT,59758,44.767044,-111.18723,,False,,,,
439714504,FOR_RENT,Apartment for rent,,795.0,,,,,,,,,1.0,"1263 Highway 2 E #8, Kalispell, MT 59901",1263 Highway 2 E #8,Kalispell,MT,59901,48.212563,-114.28401,,False,,,,
347774619,FOR_RENT,Apartment for rent,,1575.0,850.0,2.0,,,1681.0,,,2.0,1.0,"2233 S Ave W #202, Missoula, MT 59801",2233 S Ave W #202,Missoula,MT,59801,46.848553,-113.998924,,False,,,,
2077121775,FOR_RENT,House for rent,,1800.0,1400.0,1.0,250300.0,179.0,1567.0,,,3.0,2.0,"814 7th Ave N, Great Falls, MT 59401",814 7th Ave N,Great Falls,MT,59401,47.512753,-111.29287,,False,,,,
3140095,FOR_RENT,Apartment for rent,,2495.0,1040.0,2.0,509200.0,490.0,1691.0,,,2.0,1.0,"2205 Margaret St, Missoula, MT 59801",2205 Margaret St,Missoula,MT,59801,46.85045,-114.03626,,False,,,,
3146971,FOR_RENT,House for rent,,2495.0,1116.0,2.0,484800.0,434.0,2067.0,,,3.0,1.0,"18530 E Mullan Rd, Clinton, MT 59825",18530 E Mullan Rd,Clinton,MT,59825,46.791267,-113.741455,,False,,,,
455042553,FOR_RENT,Apartment for rent,,1395.0,800.0,2.0,,,,,,2.0,1.0,"250 S Garfield St APT 3, Missoula, MT 59801",250 S Garfield St APT 3,Missoula,MT,59801,46.869064,-114.02397,,False,,,,
417241331,FOR_RENT,Apartment for rent,,1095.0,,,,,,,,1.0,1.0,"1321 S 2nd St W APT 4, Missoula, MT 59801",1321 S 2nd St W APT 4,Missoula,MT,59801,46.867786,-114.016975,,False,,,,
451119185,FOR_RENT,Townhouse for rent,,2900.0,1300.0,2.0,535300.0,412.0,,,,3.0,2.0,"419 S 3rd St W #A, Missoula, MT 59801",419 S 3rd St W #A,Missoula,MT,59801,46.8667,-114.00265,,False,,,,
250178972,FOR_RENT,Townhouse for rent,,1995.0,1550.0,1.0,329200.0,212.0,1969.0,,,3.0,3.0,"3106 Boulder Ave #1, Billings, MT 59102",3106 Boulder Ave #1,Billings,MT,59102,45.791973,-108.59325,,False,,,,
78196610,FOR_RENT,House for rent,,1500.0,1207.0,1.0,171900.0,142.0,1605.0,,,4.0,1.0,"1305 E 2nd St, Butte, MT 59701",1305 E 2nd St,Butte,MT,59701,46.00593,-112.51969,,False,,,,
78199306,FOR_RENT,Apartment for rent,,2200.0,1120.0,2.0,,,1812.0,,,3.0,1.0,"2001 Thomas, 2001 Thomas Ave, Butte, MT 59701",2001 Thomas Ave,Butte,MT,59701,45.993725,-112.49978,,False,,,,
3167599,FOR_RENT,House for rent,,2300.0,2354.0,1.0,380000.0,161.0,2065.0,,,4.0,2.0,"1213 25th St W, Billings, MT 59102",1213 25th St W,Billings,MT,59102,45.782,-108.577354,,False,,,,
2114545936,FOR_RENT,Apartment for rent,,2250.0,,,,,2721.0,,,3.0,3.0,"935 Forestglen Dr APT D, Bozeman, MT 59718",935 Forestglen Dr APT D,Bozeman,MT,59718,45.689877,-111.1176,,False,,,,
2065680662,FOR_RENT,Apartment for rent,,1195.0,700.0,2.0,,,1219.0,,,1.0,1.0,"1315 Rodgers St #203, Missoula, MT 59802",1315 Rodgers St #203,Missoula,MT,59802,46.88916,-114.010086,,False,,,,
2092619761,FOR_RENT,Apartment for rent,,1395.0,800.0,2.0,,,1416.0,,,2.0,1.0,"200 S Garfield St APT 4, Missoula, MT 59801",200 S Garfield St APT 4,Missoula,MT,59801,46.869305,-114.0239,,False,,,,
454966605,FOR_RENT,House for rent,,2250.0,,,565300.0,,,,,3.0,2.0,"2401 Daws Dr #D, Bozeman, MT 59718",2401 Daws Dr #D,Bozeman,MT,59718,45.691925,-111.06829,,False,,,,
455250979,FOR_RENT,Apartment for rent,,1995.0,1680.0,1.0,,,,,,3.0,2.0,"1410 Western Drive - C, 1410 Western Dr, Kalispell, MT 59901",1410 Western Dr #C,Kalispell,MT,59901,48.184036,-114.32169,,False,,,,
78194526,FOR_RENT,Apartment for rent,,2800.0,2710.0,1.0,372500.0,137.0,2784.0,,,3.0,2.0,"1340 W Granite St, Butte, MT 59701",1340 W Granite St,Butte,MT,59701,46.013657,-112.55811,,False,,,,
454883193,FOR_RENT,Townhouse for rent,,2050.0,1624.0,1.0,293800.0,181.0,,,,3.0,2.0,"7 Shadow Pl #1, Billings, MT 59102",7 Shadow Pl #1,Billings,MT,59102,45.792633,-108.555565,,False,,,,
2119266395,FOR_RENT,Townhouse for rent,,2640.0,1400.0,2.0,531400.0,380.0,2718.0,,,3.0,3.0,"2142A S 6th St W, Missoula, MT 59801",2142A S 6th St W,Missoula,MT,59801,46.864227,-114.03155,,False,,,,
455226111,FOR_RENT,Apartment for rent,,1800.0,908.0,2.0,,,,,,2.0,2.0,"2460 Wheeler Dr #B, Bozeman, MT 59718",2460 Wheeler Dr #B,Bozeman,MT,59718,45.69223,-111.069595,,False,,,,
352090504,FOR_RENT,Apartment for rent,,2000.0,1017.0,2.0,,,1958.0,,,2.0,2.0,"270 Bridge St #202, Bigfork, MT 59911",270 Bridge St #202,Bigfork,MT,59911,48.060017,-114.07587,,False,,,,
455125106,FOR_RENT,Apartment for rent,,19030.0,,,,,,,,3.0,3.0,"7 Saddle Ridge Rd #ID1255647P, Big Sky, MT 59716",7 Saddle Ridge Rd #ID1255647P,Big Sky,MT,59716,45.295425,-111.41995,,False,,,,
455125145,FOR_RENT,Apartment for rent,,19020.0,,,,,,,,3.0,4.0,"4 Lower Saddle Ridge Rd #ID1255680P, Big Sky, MT 59716",4 Lower Saddle Ridge Rd #ID1255680P,Big Sky,MT,59716,45.295757,-111.41627,,False,,,,
455125149,FOR_RENT,Apartment for rent,,25050.0,,,,,,,,4.0,5.0,"14 Peaks View Dr #ID1255684P, Big Sky, MT 59716",14 Peaks View Dr #ID1255684P,Big Sky,MT,59716,45.30076,-111.421555,,False,,,,
455125152,FOR_RENT,Apartment for rent,,16010.0,,,,,,,,4.0,4.0,"12 Lower Mountain Home Rd #ID1255698P, Big Sky, MT 59716",12 Lower Mountain Home Rd #ID1255698P,Big Sky,MT,59716,45.297993,-111.42611,,False,,,,
455125168,FOR_RENT,Apartment for rent,,22720.0,,,,,,,,3.0,4.0,"13 Saddle Ridge Rd #ID1255676P, Big Sky, MT 59716",13 Saddle Ridge Rd #ID1255676P,Big Sky,MT,59716,45.295433,-111.42015,,False,,,,
455125173,FOR_RENT,Apartment for rent,,24570.0,,,,,,,,3.0,4.0,"83 Mountain Loop Rd #ID1255690P, Big Sky, MT 59716",83 Mountain Loop Rd #ID1255690P,Big Sky,MT,59716,45.296463,-111.42162,,False,,,,
455125208,FOR_RENT,Apartment for rent,,29050.0,,,,,,,,4.0,5.0,"5 Thistle Way #ID1255727P, Big Sky, MT 59716",5 Thistle Way #ID1255727P,Big Sky,MT,59716,45.308243,-111.42253,,False,,,,
455125132,FOR_RENT,Apartment for rent,,32650.0,,,,,,,,5.0,6.0,"14 Treeline Springs Rd #ID1255659P, Big Sky, MT 59716",14 Treeline Springs Rd #ID1255659P,Big Sky,MT,59716,45.308933,-111.422554,,False,,,,
455125143,FOR_RENT,Apartment for rent,,30790.0,,,,,,,,4.0,4.0,"7 Gambler Dr #ID1255681P, Big Sky, MT 59716",7 Gambler Dr #ID1255681P,Big Sky,MT,59716,45.29703,-111.428474,,False,,,,
455125153,FOR_RENT,Apartment for rent,,18140.0,,,,,,,,3.0,4.0,"12 Silver Star Dr #ID1255709P, Big Sky, MT 59716",12 Silver Star Dr #ID1255709P,Big Sky,MT,59716,45.29819,-111.41781,,False,,,,
455125158,FOR_RENT,Apartment for rent,,24560.0,,,,,,,,4.0,4.0,"8 Diversion Ln #ID1255718P, Big Sky, MT 59716",8 Diversion Ln #ID1255718P,Big Sky,MT,59716,45.2729,-111.3511,,False,,,,
455125185,FOR_RENT,Apartment for rent,,19160.0,,,,,,,,4.0,4.0,"3 Cowboy Heaven Spur Rd #ID1255716P, Big Sky, MT 59716",3 Cowboy Heaven Spur Rd #ID1255716P,Big Sky,MT,59716,45.296318,-111.426895,,False,,,,
455125062,FOR_RENT,Apartment for rent,,20400.0,,,,,,,,3.0,4.0,"17 Saddle Ridge Rd #ID1255663P, Big Sky, MT 59716",17 Saddle Ridge Rd #ID1255663P,Big Sky,MT,59716,45.29542,-111.42028,,False,,,,
2124384968,FOR_RENT,Apartment for rent,,950.0,,,,,1679.0,,,,1.0,"334 W Alder St APT 2, Missoula, MT 59802",334 W Alder St APT 2,Missoula,MT,59802,46.87641,-113.99595,,False,,,,
434776496,FOR_RENT,Apartment for rent,,1395.0,,,,,,,,2.0,1.0,"909 Pattee Creek Dr #B, Missoula, MT 59801",909 Pattee Creek Dr #B,Missoula,MT,59801,46.841328,-114.011215,,False,,,,
2097134073,FOR_RENT,Apartment for rent,,1995.0,950.0,2.0,,,1993.0,,,3.0,2.0,"2111 S 4th St W APT A, Missoula, MT 59801",2111 S 4th St W APT A,Missoula,MT,59801,46.865726,-114.03073,,False,,,,
2077341676,FOR_RENT,Townhouse for rent,,2900.0,1610.0,2.0,499800.0,310.0,2765.0,,,3.0,3.0,"2218 Gallatin Green Blvd, Bozeman, MT 59718",2218 Gallatin Green Blvd,Bozeman,MT,59718,45.701187,-111.09047,,False,,,,
2073138761,FOR_RENT,Apartment for rent,,2100.0,,,,,2647.0,,,3.0,3.0,"303 13th Street, 303 13th St #D, Belgrade, MT 59714",303 13th St #D,Belgrade,MT,59714,45.789,-111.1957,,False,,,,
455015229,FOR_RENT,Apartment for rent,,1000.0,,,,,,,,2.0,1.0,"386 Westchester Sq S - 4, 386 Westchester Sq S, Billings, MT 59105",386 Westchester Sq S #4,Billings,MT,59105,45.824135,-108.4953,,False,,,,
352421966,FOR_RENT,House for rent,,2400.0,1363.0,2.0,,,2517.0,,,3.0,2.0,"307 Sassafras Ct, Stevensville, MT 59870",307 Sassafras Ct,Stevensville,MT,59870,46.51339,-114.054924,,False,,,,
455125049,FOR_RENT,Apartment for rent,,28020.0,,,,,,,,4.0,5.0,"10 Tree Line Ln #ID1255666P, Bozeman, MT 59718",10 Tree Line Ln #ID1255666P,Bozeman,MT,59718,45.676804,-111.192535,,False,,,,
51609222,FOR_RENT,Townhouse for rent,,1350.0,884.0,2.0,247700.0,280.0,1264.0,,,2.0,1.0,"1711 Hawthorne Ln, Billings, MT 59105",1711 Hawthorne Ln,Billings,MT,59105,45.82945,-108.4544,,False,,,,
113217614,FOR_RENT,House for rent,,2500.0,1510.0,2.0,386400.0,256.0,2417.0,,,3.0,3.0,"1633 Front St, Billings, MT 59101",1633 Front St,Billings,MT,59101,45.739273,-108.5501,,False,,,,
209622408,FOR_RENT,House for rent,,4195.0,3440.0,1.0,1060800.0,308.0,4369.0,,,4.0,3.0,"2626 Muirfield Ct, Missoula, MT 59808",2626 Muirfield Ct,Missoula,MT,59808,46.89952,-114.118805,,False,,,,
447924918,FOR_RENT,Apartment for rent,,2995.0,1598.0,2.0,,,,,,3.0,3.0,"5341 B Remington Dr #B, Missoula, MT 59808",5341 B Remington Dr #B,Missoula,MT,59808,46.896305,-114.06957,,False,,,,
78130160,FOR_RENT,House for rent,,1600.0,2100.0,1.0,269300.0,128.0,2671.0,,,3.0,2.0,"500 E Commercial Ave, Anaconda, MT 59711",500 E Commercial Ave,Anaconda,MT,59711,46.129498,-112.946655,,False,,,,
74921480,FOR_RENT,Apartment for rent,,2695.0,1600.0,2.0,564500.0,353.0,2799.0,,,3.0,3.0,"29 N 25th Ave, Bozeman, MT 59718",29 N 25th Ave,Bozeman,MT,59718,45.67927,-111.07121,,False,,,,
2097053587,FOR_RENT,Apartment for rent,,1600.0,,,,,2045.0,,,2.0,2.0,"1901 S Black Ave APT D, Bozeman, MT 59715",1901 S Black Ave APT D,Bozeman,MT,59715,45.660015,-111.03433,,False,,,,
92062001,FOR_RENT,House for rent,,1200.0,624.0,2.0,478400.0,767.0,1366.0,,,2.0,1.0,"524 Spokane Ave, Whitefish, MT 59937",524 Spokane Ave,Whitefish,MT,59937,48.407196,-114.33574,,False,,,,
454907455,FOR_RENT,House for rent,,3195.0,1975.0,2.0,598300.0,303.0,,,,4.0,3.0,"2626 Oshaughnessy St, Missoula, MT 59808",2626 Oshaughnessy St,Missoula,MT,59808,46.890087,-114.047844,,False,,,,
2121815603,FOR_RENT,Apartment for rent,,995.0,658.0,2.0,,,1256.0,,,,1.0,"529 1/2 Brooks St, Missoula, MT 59801",529 1/2 Brooks St,Missoula,MT,59801,46.85929,-114.00325,,False,,,,
78201351,FOR_RENT,House for rent,,1200.0,824.0,1.0,226800.0,275.0,1197.0,,,1.0,1.0,"3645 Banks Ave, Butte, MT 59701",3645 Banks Ave,Butte,MT,59701,45.978195,-112.49453,,False,,,,
2122251031,FOR_RENT,Apartment for rent,,820.0,275.0,3.0,,,782.0,,,,1.0,"1120 Milton St APT D, Missoula, MT 59802",1120 Milton St APT D,Missoula,MT,59802,46.882324,-114.001396,,False,,,,
2058816605,FOR_RENT,House for rent,,3400.0,1931.0,2.0,712000.0,369.0,3380.0,,,4.0,2.0,"1835 Spring View Ct, Bozeman, MT 59718",1835 Spring View Ct,Bozeman,MT,59718,45.6972,-111.0822,,False,,,,
2082756099,FOR_RENT,Apartment for rent,,2500.0,1444.0,2.0,,,2363.0,,,3.0,2.0,"895 Longbow, 895 Longbow Ln APT B, Bozeman, MT 59718",895 Longbow Ln APT B,Bozeman,MT,59718,45.68907,-111.11639,,False,,,,
2064176786,FOR_RENT,Apartment for rent,,2295.0,1400.0,2.0,,,2901.0,,,3.0,2.0,"1231A S 5th St W, Missoula, MT 59801",1231A S 5th St W,Missoula,MT,59801,46.86464,-114.01508,,False,,,,
2126719228,FOR_RENT,House for rent,,1995.0,,,,,2063.0,,,3.0,2.0,"1002 Hillside Ct, Polson, MT 59860",1002 Hillside Ct,Polson,MT,59860,47.680378,-114.148865,,False,,,,
2084739568,FOR_RENT,Apartment for rent,,1900.0,1200.0,2.0,,,2024.0,,,3.0,2.0,"Goldenwest Dr 709, 709 Golden West Dr APT D, Belgrade, MT 59714",709 Golden West Dr APT D,Belgrade,MT,59714,45.79172,-111.18382,,False,,,,
2056022150,FOR_RENT,Apartment for rent,,1200.0,,,,,1306.0,,,2.0,1.0,"909-911 Antimony, 909-911 Antimony St, Butte, MT 59701",909-911 Antimony St,Butte,MT,59701,46.01767,-112.55042,,False,,,,
2105996457,FOR_RENT,Townhouse for rent,,2650.0,1567.0,2.0,428500.0,273.0,2478.0,,,3.0,3.0,"1219 Linnea Ln, Missoula, MT 59801",1219 Linnea Ln,Missoula,MT,59801,46.859722,-114.03354,,False,,,,
2067483920,FOR_RENT,House for rent,,3000.0,,,,,3166.0,,,3.0,3.0,"1610 Wyatt Earp Ct, Belgrade, MT 59714",1610 Wyatt Earp Ct,Belgrade,MT,59714,45.797253,-111.19451,,False,,,,
2064092165,FOR_RENT,Apartment for rent,,1250.0,,,,,1534.0,,,1.0,1.0,"801 W Villard St UNIT 39, Bozeman, MT 59715",801 W Villard St UNIT 39,Bozeman,MT,59715,45.683117,-111.04754,,False,,,,
455152383,FOR_RENT,House for rent,,1050.0,450.0,2.0,107600.0,239.0,,,,,1.0,"311 Adams St, Anaconda, MT 59711",311 Adams St,Anaconda,MT,59711,46.125546,-112.94051,,False,,,,
2095382827,FOR_RENT,House for rent,,1200.0,1000.0,1.0,305400.0,305.0,1305.0,,,1.0,1.0,"122 N 2nd St, Hamilton, MT 59840",122 N 2nd St,Hamilton,MT,59840,46.24736,-114.15696,,False,,,,
453519446,FOR_RENT,Apartment for rent,,1650.0,815.0,2.0,,,,,,2.0,1.0,"44 Golf Course Ln #A, Helena, MT 59601",44 Golf Course Ln #A,Helena,MT,59601,46.614437,-112.033264,,False,,,,
454889028,FOR_RENT,Apartment for rent,,875.0,850.0,1.0,,,,,,1.0,1.0,"Terry 234 - 6, 234 Terry Ave, Billings, MT 59101",234 Terry Ave #6,Billings,MT,59101,45.774883,-108.52204,,False,,,,
2069183025,FOR_RENT,Apartment for rent,,2250.0,,,,,2300.0,,,2.0,3.0,"4088 Sunstone Street, 4088 Sunstone St UNIT B, Bozeman, MT 59718",4088 Sunstone St UNIT B,Bozeman,MT,59718,45.687717,-111.09312,,False,,,,
440804410,FOR_RENT,Apartment for rent,,1800.0,,,,,,,,2.0,2.0,"411 Miles, 411 Miles Ave #A, Livingston, MT 59047",411 Miles Ave #A,Livingston,MT,59047,45.88642,-110.603615,,False,,,,
2091616064,FOR_RENT,House for rent,,2650.0,,,536900.0,,2832.0,,,3.0,3.0,"4350 Glenwood Dr UNIT B, Bozeman, MT 59718",4350 Glenwood Dr UNIT B,Bozeman,MT,59718,45.686348,-111.104836,,False,,,,
2091867619,FOR_RENT,Apartment for rent,,3200.0,1500.0,2.0,,,2495.0,,,4.0,2.0,"304 S 13th Ave, 304 S 13th Ave #A, Bozeman, MT 59715",304 S 13th Ave #A,Bozeman,MT,59715,45.67634,-111.0541,,False,,,,
78193753,FOR_RENT,House for rent,,1350.0,1470.0,1.0,147200.0,100.0,1487.0,,,2.0,1.0,"515 James St, Butte, MT 59701",515 James St,Butte,MT,59701,46.0172,-112.54376,,False,,,,
119774069,FOR_RENT,Apartment for rent,,1650.0,900.0,2.0,,,2096.0,,,3.0,2.0,"1232 W Babcock St, 1232 W Babcock St TRAILER 3, Bozeman, MT 59715",1232 W Babcock St TRAILER 3,Bozeman,MT,59715,45.677547,-111.05428,,False,,,,
2066340466,FOR_RENT,Apartment for rent,,4500.0,2307.0,2.0,1263500.0,548.0,4929.0,,,3.0,4.0,"317 Akers Ln UNIT F, Whitefish, MT 59937",317 Akers Ln UNIT F,Whitefish,MT,59937,48.393387,-114.332634,,False,,,,
345377611,FOR_RENT,Apartment for rent,,2100.0,,,,,2214.0,,,2.0,1.0,"214 S Black Ave SUITE 1, Bozeman, MT 59715",214 S Black Ave SUITE 1,Bozeman,MT,59715,45.676773,-111.03516,,False,,,,
74933122,FOR_RENT,House for rent,,2700.0,,,587200.0,,2751.0,,,3.0,2.0,"3962 Bosal St, Bozeman, MT 59718",3962 Bosal St,Bozeman,MT,59718,45.700775,-111.09229,,False,,,,
454390989,FOR_RENT,Apartment for rent,,1095.0,1176.0,1.0,,,,,,1.0,1.0,"603 Stephens Ave APT 1, Missoula, MT 59801",603 Stephens Ave APT 1,Missoula,MT,59801,46.860947,-114.007385,,False,,,,
74924476,FOR_RENT,Apartment for rent,,1950.0,,,,,1819.0,,,2.0,1.0,"213 S 3rd Ave, Bozeman, MT 59715",213 S 3rd Ave,Bozeman,MT,59715,45.67666,-111.04187,,False,,,,
128538302,FOR_RENT,House for rent,,2650.0,1525.0,2.0,383500.0,251.0,,,,3.0,3.0,"1122 Cruiser Ln APT H, Belgrade, MT 59714",1122 Cruiser Ln APT H,Belgrade,MT,59714,45.79495,-111.18056,,False,,,,
242464555,FOR_RENT,Apartment for rent,,2600.0,964.0,3.0,,,2352.0,,,2.0,2.0,"835 Wyoming St SUITE 205, Missoula, MT 59801",835 Wyoming St SUITE 205,Missoula,MT,59801,46.87163,-114.0087,,False,,,,
2083158618,FOR_RENT,Apartment for rent,,1600.0,865.0,2.0,,,1881.0,,,2.0,1.0,"807 W Villard St APT 22, Bozeman, MT 59715",807 W Villard St APT 22,Bozeman,MT,59715,45.683117,-111.04762,,False,,,,
78201222,FOR_RENT,House for rent,,2100.0,,,307500.0,,2014.0,,,2.0,2.0,"2606 Phillips St, Butte, MT 59701",2606 Phillips St,Butte,MT,59701,45.98213,-112.498795,,False,,,,
352421922,FOR_RENT,House for rent,,2875.0,1500.0,2.0,535600.0,357.0,2246.0,,,2.0,2.0,"212 Lake Blaine Dr, Kalispell, MT 59901",212 Lake Blaine Dr,Kalispell,MT,59901,48.23428,-114.111664,,False,,,,
2079546590,FOR_RENT,Apartment for rent,,1950.0,1325.0,1.0,,,2305.0,,,3.0,2.0,"1096 Longbow, 1096 Longbow Ln APT D, Bozeman, MT 59718",1096 Longbow Ln APT D,Bozeman,MT,59718,45.691643,-111.11605,,False,,,,
2055203369,FOR_RENT,House for rent,,1200.0,1372.0,1.0,456500.0,333.0,1528.0,,,,1.0,"6520 Us Highway 10 W, Missoula, MT 59808",6520 Us Highway 10 W,Missoula,MT,59808,46.935696,-114.10865,,False,,,,
453613084,FOR_RENT,Apartment for rent,,1550.0,900.0,2.0,,,,,,2.0,1.0,"612 W Shore Dr, 612 W Shore Dr #488999F08, Belgrade, MT 59714",612 W Shore Dr #488999F08,Belgrade,MT,59714,45.77713,-111.22548,,False,,,,
125623774,FOR_RENT,House for rent,,2750.0,1385.0,2.0,570100.0,412.0,2729.0,,,3.0,2.0,"110 Bull Frog Dr, Bozeman, MT 59718",110 Bull Frog Dr,Bozeman,MT,59718,45.67746,-111.11288,,False,,,,
2055889740,FOR_RENT,House for rent,,2200.0,,,285100.0,,1841.0,,,3.0,2.0,"837 Browns Gulch Rd, Butte, MT 59701",837 Browns Gulch Rd,Butte,MT,59701,46.11948,-112.625206,,False,,,,
2113572898,FOR_RENT,Apartment for rent,,2600.0,1454.0,2.0,,,2518.0,,,3.0,3.0,"883 Longbow Ln APT A, Bozeman, MT 59718",883 Longbow Ln APT A,Bozeman,MT,59718,45.68887,-111.11642,,False,,,,
125623203,FOR_RENT,House for rent,,2900.0,1511.0,2.0,553700.0,366.0,3250.0,,,3.0,3.0,"393 Water Lily Dr, Bozeman, MT 59718",393 Water Lily Dr,Bozeman,MT,59718,45.674988,-111.110306,,False,,,,
2081746744,FOR_RENT,House for rent,,1900.0,,,524300.0,,2120.0,,,2.0,2.0,"2440 Daws Dr APT C, Bozeman, MT 59718",2440 Daws Dr APT C,Bozeman,MT,59718,45.69142,-111.06919,,False,,,,
2094147381,FOR_RENT,Apartment for rent,,1950.0,1000.0,2.0,,,2003.0,,,3.0,1.0,"20th Ave 504, 504 S 20th Ave APT 3, Bozeman, MT 59718",504 S 20th Ave APT 3,Bozeman,MT,59718,45.674065,-111.06371,,False,,,,
212898774,FOR_RENT,House for rent,,3300.0,1750.0,2.0,647600.0,370.0,3238.0,,,4.0,2.0,"28 Cedar Shade Ln, Bozeman, MT 59718",28 Cedar Shade Ln,Bozeman,MT,59718,45.68089,-111.19229,,False,,,,
250167770,FOR_RENT,House for rent,,3500.0,1950.0,2.0,539500.0,277.0,3701.0,,,4.0,4.0,"1731 W Kagy Blvd, Bozeman, MT 59715",1731 W Kagy Blvd,Bozeman,MT,59715,45.66034,-111.0597,,False,,,,
2081065583,FOR_RENT,Apartment for rent,,800.0,,,,,854.0,,,,1.0,"611 E. 6th St, 611 E 6th St #B, Anaconda, MT 59711",611 E 6th St #B,Anaconda,MT,59711,46.12403,-112.946526,,False,,,,
2089727777,FOR_RENT,Townhouse for rent,,2100.0,1109.0,2.0,454300.0,410.0,2261.0,,,3.0,2.0,"2440 Daws Dr APT D, Bozeman, MT 59718",2440 Daws Dr APT D,Bozeman,MT,59718,45.691483,-111.06915,,False,,,,
74923154,FOR_RENT,House for rent,,3350.0,1750.0,2.0,714700.0,408.0,3232.0,,,3.0,3.0,"4213 Benepe St, Bozeman, MT 59718",4213 Benepe St,Bozeman,MT,59718,45.682507,-111.095566,,False,,,,
3141866,FOR_RENT,House for rent,,2195.0,1000.0,2.0,,,2435.0,,,3.0,1.0,"2003 S 4th St W, Missoula, MT 59801",2003 S 4th St W,Missoula,MT,59801,46.865902,-114.028404,,False,,,,
2099782760,FOR_RENT,Apartment for rent,,1295.0,,,,,1339.0,,,2.0,1.0,"1402 S 2nd St W APT C, Missoula, MT 59801",1402 S 2nd St W APT C,Missoula,MT,59801,46.868183,-114.01734,,False,,,,
309936999,FOR_RENT,House for rent,,3000.0,1871.0,2.0,681500.0,364.0,3146.0,,,3.0,3.0,"303 Meriwether Ave, Bozeman, MT 59718",303 Meriwether Ave,Bozeman,MT,59718,45.68206,-111.080124,,False,,,,
2062310508,FOR_RENT,Apartment for rent,,1900.0,,,,,1837.0,,,3.0,2.0,"2300 Ottawa Street, 2300 Ottawa St APT B, Butte, MT 59701",2300 Ottawa St APT B,Butte,MT,59701,45.989338,-112.50404,,False,,,,
2090551282,FOR_RENT,Apartment for rent,,1795.0,850.0,2.0,,,1521.0,,,2.0,1.0,"4939 Potter Park Loop APT 102, Missoula, MT 59808",4939 Potter Park Loop APT 102,Missoula,MT,59808,46.918655,-114.055885,,False,,,,
443826279,FOR_RENT,House for rent,,2500.0,1080.0,2.0,284100.0,263.0,,,,3.0,2.0,"4834 S Warren Ave, Butte, MT 59701",4834 S Warren Ave,Butte,MT,59701,45.951893,-112.51781,,False,,,,
2079548060,FOR_RENT,Apartment for rent,,1725.0,800.0,2.0,,,1649.0,,,2.0,1.0,"1515 S Ave W APT 11, Missoula, MT 59801",1515 S Ave W APT 11,Missoula,MT,59801,46.848568,-114.01915,,False,,,,
453583531,FOR_RENT,Apartment for rent,,1395.0,,,,,,,,2.0,1.0,"101 Pullman Ct APT D, Missoula, MT 59802",101 Pullman Ct APT D,Missoula,MT,59802,46.89064,-114.00542,,False,,,,
2069796457,FOR_RENT,House for rent,,1900.0,,,524300.0,,2120.0,,,2.0,2.0,"2460 Daws Dr UNIT B, Bozeman, MT 59718",2460 Daws Dr UNIT B,Bozeman,MT,59718,45.691418,-111.06958,,False,,,,
2130282835,FOR_RENT,Apartment for rent,,1700.0,910.0,2.0,,,1756.0,,,2.0,1.0,"3505D Fallon St #39, Bozeman, MT 59718",3505D Fallon St #39,Bozeman,MT,59718,45.67341,-111.08634,,False,,,,
243049289,FOR_RENT,House for rent,,3000.0,1981.0,2.0,590300.0,298.0,2982.0,,,3.0,3.0,"118 Taelor Rd, Kalispell, MT 59901",118 Taelor Rd,Kalispell,MT,59901,48.241814,-114.34807,,False,,,,
2099161999,FOR_RENT,Apartment for rent,,1095.0,,,,,1009.0,,,1.0,1.0,"2211 S 12th St W APT 3, Missoula, MT 59801",2211 S 12th St W APT 3,Missoula,MT,59801,46.85835,-114.03328,,False,,,,
230853565,FOR_RENT,House for rent,,1850.0,1422.0,1.0,496400.0,349.0,1941.0,,,3.0,2.0,"1093 Centennial Ln, Corvallis, MT 59828",1093 Centennial Ln,Corvallis,MT,59828,46.31427,-114.104935,,False,,,,
74929653,FOR_RENT,Apartment for rent,,1800.0,650.0,3.0,,,2654.0,,,1.0,1.0,"14 W Lamme St, Bozeman, MT 59715",14 W Lamme St,Bozeman,MT,59715,45.681053,-111.03795,,False,,,,
65589488,FOR_RENT,Townhouse for rent,,2300.0,,,404800.0,,2235.0,,,3.0,2.0,"4355 Deveraux Pl UNIT B, Missoula, MT 59808",4355 Deveraux Pl UNIT B,Missoula,MT,59808,46.914402,-114.057655,,False,,,,
452946859,FOR_RENT,Apartment for rent,,1250.0,,,,,,,,2.0,1.0,"661 8th Avenue East North - 5, 661 8th Ave, Columbia Falls, MT 59912",661 8th Ave #5,Columbia Falls,MT,59912,48.382446,-114.17046,,False,,,,
2098229154,FOR_RENT,Apartment for rent,,1600.0,,,,,2102.0,,,2.0,1.0,"308 N Church Ave, 308 N Church Ave, Bozeman, MT 59715",308 N Church Ave,Bozeman,MT,59715,45.68284,-111.02973,,False,,,,
2070406024,FOR_RENT,Apartment for rent,,2350.0,1308.0,2.0,,,2331.0,,,3.0,2.0,"3016 W Villard St #C, 3016 W Villard St APT C, Bozeman, MT 59718",3016 W Villard St APT C,Bozeman,MT,59718,45.683514,-111.076904,,False,,,,
2082754473,FOR_RENT,Apartment for rent,,2150.0,,,,,2631.0,,,2.0,3.0,"1098 North 15th Avenue, 1098 N 15th Ave #A, Bozeman, MT 59715",1098 N 15th Ave #A,Bozeman,MT,59715,45.69054,-111.05592,,False,,,,
453154319,FOR_RENT,Apartment for rent,,2500.0,1765.0,1.0,,,,,,3.0,3.0,"706 Black Diamond - C, 706 S Black Ave, Bozeman, MT 59715",706 S Black Ave,Bozeman,MT,59715,45.671856,-111.03509,,False,,,,
303838719,FOR_RENT,Apartment for rent,,2100.0,2000.0,1.0,,,2341.0,,,3.0,3.0,"1510 Butler Creek, 1510 Butler Creek Ave, Belgrade, MT 59714",1510 Butler Creek Ave,Belgrade,MT,59714,45.787666,-111.193344,,False,,,,
250249051,FOR_RENT,House for rent,,1565.0,,,299800.0,,1976.0,,,4.0,3.0,"300 Bierney Creek Rd #16, Lakeside, MT 59922",300 Bierney Creek Rd #16,Lakeside,MT,59922,48.02319,-114.231445,,False,,,,
2125885749,FOR_RENT,House for rent,,2245.0,1024.0,2.0,350800.0,343.0,2020.0,,,2.0,2.0,"4385 Deveraux Pl UNIT B, Missoula, MT 59808",4385 Deveraux Pl UNIT B,Missoula,MT,59808,46.914368,-114.058105,,False,,,,
116363803,FOR_RENT,Apartment for rent,,2700.0,1688.0,2.0,531900.0,315.0,2959.0,,,3.0,2.0,"615 S 15th Ave, Bozeman, MT 59715",615 S 15th Ave,Bozeman,MT,59715,45.673164,-111.05738,,False,,,,
454303587,FOR_RENT,Apartment for rent,,1195.0,930.0,1.0,,,,,,2.0,1.0,"1836 Clark Ave UNIT B, Billings, MT 59102",1836 Clark Ave UNIT B,Billings,MT,59102,45.7796,-108.563675,,False,,,,
212922064,FOR_RENT,House for rent,,3200.0,1683.0,2.0,713300.0,424.0,3445.0,,,3.0,3.0,"385 Vigilante Trl, Bozeman, MT 59718",385 Vigilante Trl,Bozeman,MT,59718,45.735714,-111.134415,,False,,,,
2114365611,FOR_RENT,House for rent,,1995.0,1100.0,2.0,301300.0,274.0,2095.0,,,3.0,1.0,"385 Mountain View Dr LOT 3, Kalispell, MT 59901",385 Mountain View Dr LOT 3,Kalispell,MT,59901,48.232834,-114.269165,,False,,,,
453154838,FOR_RENT,Apartment for rent,,1950.0,1100.0,2.0,,,,,,2.0,2.0,"304 Peter Place - B, 304 Peter Pl, Bozeman, MT 59718",304 Peter Pl #B,Bozeman,MT,59718,45.68267,-111.07609,,False,,,,
78199065,FOR_RENT,House for rent,,2200.0,1395.0,2.0,275100.0,197.0,2070.0,,,4.0,2.0,"2202 Massachusetts Ave, Butte, MT 59701",2202 Massachusetts Ave,Butte,MT,59701,45.991917,-112.5078,,False,,,,
2069723306,FOR_RENT,House for rent,,875.0,540.0,2.0,151900.0,281.0,891.0,,,1.0,1.0,"2101 8th Ave N, Billings, MT 59101",2101 8th Ave N,Billings,MT,59101,45.79241,-108.50351,,False,,,,
78139046,FOR_RENT,House for rent,,2400.0,1877.0,1.0,452000.0,241.0,2440.0,,,3.0,2.0,"512 2nd Ave E, Kalispell, MT 59901",512 2nd Ave E,Kalispell,MT,59901,48.19395,-114.309204,,False,,,,
444538399,FOR_RENT,House for rent,,2650.0,1434.0,2.0,543800.0,379.0,,,,3.0,3.0,"4074 Broadwater Ct, Bozeman, MT 59718",4074 Broadwater Ct,Bozeman,MT,59718,45.67901,-111.093155,,False,,,,
2096645094,FOR_RENT,House for rent,,1825.0,,,462200.0,,1776.0,,,2.0,1.0,"412 N 19th Ave, Bozeman, MT 59718",412 N 19th Ave,Bozeman,MT,59718,45.683765,-111.06254,,False,,,,
2066644886,FOR_RENT,Apartment for rent,,2900.0,1600.0,2.0,1514800.0,947.0,3318.0,,,3.0,3.0,"521 W 2nd St, Whitefish, MT 59937",521 W 2nd St,Whitefish,MT,59937,48.41042,-114.350845,,False,,,,
2095465448,FOR_RENT,Apartment for rent,,1600.0,840.0,2.0,,,1657.0,,,2.0,1.0,"119 S 15th Ave APT 3, Bozeman, MT 59715",119 S 15th Ave APT 3,Bozeman,MT,59715,45.677578,-111.05755,,False,,,,
74922440,FOR_RENT,Apartment for rent,,2000.0,1250.0,2.0,412500.0,330.0,1928.0,,,2.0,2.0,"2200 W Dickerson St APT 2, Bozeman, MT 59718",2200 W Dickerson St APT 2,Bozeman,MT,59718,45.672775,-111.06698,,False,,,,
78138200,FOR_RENT,House for rent,,2300.0,1300.0,2.0,456700.0,351.0,2625.0,,,3.0,2.0,"735 7th Ave E, Kalispell, MT 59901",735 7th Ave E,Kalispell,MT,59901,48.193005,-114.30019,,False,,,,
2094971514,FOR_RENT,Apartment for rent,,2300.0,1200.0,2.0,,,2306.0,,,3.0,2.0,"Bow Perch 78, 78 Bow Perch Ln UNIT D, Bozeman, MT 59718",78 Bow Perch Ln UNIT D,Bozeman,MT,59718,45.663994,-111.12785,,False,,,,
452776314,FOR_RENT,Apartment for rent,,2150.0,850.0,3.0,,,,,,2.0,1.0,"111 W Sussex Ave #100, Missoula, MT 59801",111 W Sussex Ave #100,Missoula,MT,59801,46.84972,-113.99754,,False,,,,
69142248,FOR_RENT,Apartment for rent,,1300.0,963.0,1.0,,,1286.0,,,1.0,1.0,"Securities Building - Apartments, 2708 1st Ave N APT 5E, Billings, MT 59101",2708 1st Ave N APT 5E,Billings,MT,59101,45.78245,-108.50454,,False,,,,
451803839,FOR_RENT,Apartment for rent,,1600.0,865.0,2.0,,,,,,2.0,1.0,"809 W Villard St UNIT 53, Bozeman, MT 59715",809 W Villard St UNIT 53,Bozeman,MT,59715,45.683117,-111.04765,,False,,,,
212904019,FOR_RENT,House for rent,,3650.0,1624.0,2.0,785300.0,484.0,3205.0,,,3.0,3.0,"80 Stafford Ave, Bozeman, MT 59718",80 Stafford Ave,Bozeman,MT,59718,45.680008,-111.10223,,False,,,,
116363537,FOR_RENT,House for rent,,2200.0,960.0,2.0,391800.0,408.0,2510.0,,,3.0,2.0,"122 Sunlight Ave, Bozeman, MT 59718",122 Sunlight Ave,Bozeman,MT,59718,45.68089,-111.07342,,False,,,,
92065819,FOR_RENT,House for rent,,2700.0,1575.0,2.0,575900.0,366.0,2792.0,,,3.0,3.0,"3965 Bosal St, Bozeman, MT 59718",3965 Bosal St,Bozeman,MT,59718,45.70137,-111.092476,,False,,,,
2067636272,FOR_RENT,Apartment for rent,,2700.0,1750.0,2.0,,,3282.0,,,3.0,2.0,"418 W Babcock St, 418 W Babcock St #C, Bozeman, MT 59715",418 W Babcock St #C,Bozeman,MT,59715,45.677963,-111.04324,,False,,,,
2060565017,FOR_RENT,House for rent,,1700.0,,,462200.0,,1776.0,,,2.0,1.0,"410 N 19th Ave, Bozeman, MT 59718",410 N 19th Ave,Bozeman,MT,59718,45.684082,-111.061646,,False,,,,
2056950181,FOR_RENT,Apartment for rent,,1295.0,,,,,1313.0,,,,1.0,"755 Sun Pillar Loop #2, Missoula, MT 59802",755 Sun Pillar Loop #2,Missoula,MT,59802,46.87044,-113.94931,,False,,,,
452213639,FOR_RENT,Apartment for rent,,2150.0,1100.0,2.0,,,,,,3.0,1.0,"1904 S Black Ave, 1904 S Black Ave #431CC7587, Bozeman, MT 59715",1904 S Black Ave #431CC7587,Bozeman,MT,59715,45.659946,-111.03334,,False,,,,
440331829,FOR_RENT,House for rent,,1800.0,1300.0,1.0,456000.0,351.0,,,,3.0,2.0,"215A Tyra Lea Ln, Hamilton, MT 59840",215A Tyra Lea Ln,Hamilton,MT,59840,46.223347,-114.14818,,False,,,,
338453550,FOR_RENT,House for rent,,10000.0,3164.0,3.0,1821500.0,576.0,6557.0,,,4.0,4.0,"1511 Whitefish Village Dr, Whitefish, MT 59937",1511 Whitefish Village Dr,Whitefish,MT,59937,48.33932,-114.347595,,False,,,,
3143896,FOR_RENT,House for rent,,4695.0,5500.0,1.0,1119400.0,204.0,5365.0,,,6.0,4.0,"4607 Hillview Way, Missoula, MT 59803",4607 Hillview Way,Missoula,MT,59803,46.827755,-114.02433,,False,,,,
452104470,FOR_RENT,Apartment for rent,,2350.0,1500.0,2.0,560600.0,374.0,,,,4.0,2.0,"6 Rabel Ln UNIT A, Gallatin Gateway, MT 59730",6 Rabel Ln UNIT A,Gallatin Gateway,MT,59730,45.591175,-111.195175,,False,,,,
2128104628,FOR_RENT,Townhouse for rent,,2900.0,1422.0,2.0,704900.0,496.0,2921.0,,,3.0,3.0,"523 2nd St W, Whitefish, MT 59937",523 2nd St W,Whitefish,MT,59937,48.41029,-114.35094,,False,,,,
2087022557,FOR_RENT,House for rent,,1800.0,,,492200.0,,1995.0,,,2.0,1.0,"2401 Daws Dr APT B, Bozeman, MT 59718",2401 Daws Dr APT B,Bozeman,MT,59718,45.69194,-111.06827,,False,,,,
445929436,FOR_RENT,Apartment for rent,,2700.0,,,,,,,,3.0,3.0,"704 Black Diamond, 704 Black Diamond St UNIT C, Belgrade, MT 59714",704 Black Diamond St UNIT C,Belgrade,MT,59714,45.793766,-111.19701,,False,,,,
122865795,FOR_RENT,House for rent,,3150.0,1636.0,2.0,635900.0,389.0,2899.0,,,3.0,2.0,"420 Forbes Ave, Bozeman, MT 59718",420 Forbes Ave,Bozeman,MT,59718,45.68408,-111.09586,,False,,,,
2057006212,FOR_RENT,House for rent,,1500.0,1100.0,1.0,347000.0,315.0,1028.0,,,1.0,1.0,"323 Maroon Ct #BASEMENT, Florence, MT 59833",323 Maroon Ct #BASEMENT,Florence,MT,59833,46.613914,-114.08482,,False,,,,
116126560,FOR_RENT,House for rent,,2800.0,2984.0,1.0,470900.0,158.0,2805.0,,,5.0,2.0,"237 Vienna St, Butte, MT 59701",237 Vienna St,Butte,MT,59701,45.991676,-112.55719,,False,,,,
78195566,FOR_RENT,Apartment for rent,,1000.0,738.0,1.0,,,1018.0,,,1.0,1.0,"1119- 1119 1/2 Nevada, 1119 1/2 Nevada Ave, Butte, MT 59701",1119 1/2 Nevada Ave,Butte,MT,59701,45.99316,-112.55969,,False,,,,
125621615,FOR_RENT,Apartment for rent,,2300.0,1500.0,2.0,440400.0,294.0,2536.0,,,3.0,3.0,"2961 N 27th Ave APT 20, Bozeman, MT 59718",2961 N 27th Ave APT 20,Bozeman,MT,59718,45.70913,-111.07419,,False,,,,
442555124,FOR_RENT,Apartment for rent,,2950.0,1690.0,2.0,,,,,,3.0,3.0,"4819 Harvest Pkwy, Bozeman, MT 59718",4819 Harvest Pkwy,Bozeman,MT,59718,45.69664,-111.10556,,False,,,,
2079424917,FOR_RENT,House for rent,,2850.0,1600.0,2.0,462200.0,289.0,2578.0,,,3.0,3.0,"2948 Warbler Way APT C, Bozeman, MT 59718",2948 Warbler Way APT C,Bozeman,MT,59718,45.709316,-111.07644,,False,,,,
2083737305,FOR_RENT,Apartment for rent,,1195.0,650.0,2.0,,,1148.0,,,1.0,1.0,"2139 S 4th St W APT B, Missoula, MT 59801",2139 S 4th St W APT B,Missoula,MT,59801,46.86579,-114.0317,,False,,,,
455226178,FOR_RENT,Apartment for rent,,1650.0,865.0,2.0,,,,,,2.0,1.0,"811 W Villard St #66, Bozeman, MT 59715",811 W Villard St #66,Bozeman,MT,59715,45.683117,-111.047676,,False,,,,
348555637,FOR_RENT,Apartment for rent,,1550.0,800.0,2.0,,,1689.0,,,2.0,1.0,"1510 W Koch Street, 1510 W Koch St #1E8226173, Bozeman, MT 59715",1510 W Koch St #1E8226173,Bozeman,MT,59715,45.67515,-111.05747,,False,,,,
2055315314,FOR_RENT,Apartment for rent,,1450.0,1300.0,1.0,,,1392.0,,,3.0,1.0,"428 Custer Ave #B, Billings, MT 59101",428 Custer Ave #B,Billings,MT,59101,45.775867,-108.526924,,False,,,,
78184569,FOR_RENT,House for rent,,1750.0,1435.0,1.0,437100.0,305.0,2110.0,,,3.0,2.0,"117 N 7th St, Hamilton, MT 59840",117 N 7th St,Hamilton,MT,59840,46.247326,-114.16515,,False,,,,
450856609,FOR_RENT,Apartment for rent,,1400.0,953.0,1.0,,,,,,2.0,1.0,"403 W Hickory St, 403 W Hickory St #407, Three Forks, MT 59752",403 W Hickory St #407,Three Forks,MT,59752,45.887897,-111.55842,,False,,,,
348356481,FOR_RENT,Apartment for rent,,1475.0,800.0,2.0,,,1431.0,,,2.0,1.0,"17 Yellowstone St #1, Kalispell, MT 59901",17 Yellowstone St #1,Kalispell,MT,59901,48.205822,-114.33645,,False,,,,
78192599,FOR_RENT,House for rent,,1250.0,1000.0,1.0,126300.0,126.0,1306.0,,,2.0,1.0,"330 W Daly St, Walkerville, MT 59701",330 W Daly St,Walkerville,MT,59701,46.0289,-112.541855,,False,,,,
78193284,FOR_RENT,House for rent,,2000.0,,,299300.0,,2173.0,,,5.0,3.0,"800 W Galena St, Butte, MT 59701",800 W Galena St,Butte,MT,59701,46.011284,-112.54773,,False,,,,
2083489149,FOR_RENT,Apartment for rent,,2600.0,1425.0,2.0,,,2596.0,,,3.0,3.0,"2418 Annie St, 2418 Annie St APT A, Bozeman, MT 59718",2418 Annie St APT A,Bozeman,MT,59718,45.68893,-111.06838,,False,,,,
2054010177,FOR_RENT,Apartment for rent,,1675.0,900.0,2.0,,,1585.0,,,2.0,1.0,"Montana St 905, 905 Montana St APT B, Belgrade, MT 59714",905 Montana St APT B,Belgrade,MT,59714,45.768387,-111.17665,,False,,,,
2083606287,FOR_RENT,Apartment for rent,,2300.0,1300.0,2.0,,,2288.0,,,3.0,2.0,"**Beautiful** 3bd/2ba Apartment, 56 Bow Perch Ln UNIT B, Bozeman, MT 59718",56 Bow Perch Ln UNIT B,Bozeman,MT,59718,45.663994,-111.127464,,False,,,,
2094599392,FOR_RENT,House for rent,,1790.0,500.0,4.0,415100.0,830.0,1821.0,,,1.0,1.0,"219 S 5th Ave #B, Bozeman, MT 59715",219 S 5th Ave #B,Bozeman,MT,59715,45.67654,-111.04425,,False,,,,
2102141085,FOR_RENT,Apartment for rent,,1750.0,980.0,2.0,,,1855.0,,,2.0,2.0,"2232 Baxter Lane, 2232 Baxter Ln #223212, Bozeman, MT 59718",2232 Baxter Ln #223212,Bozeman,MT,59718,45.69864,-111.06894,,False,,,,
74927035,FOR_RENT,House for rent,,4400.0,2000.0,2.0,646100.0,323.0,3692.0,,,5.0,2.0,"2619 Annie St, Bozeman, MT 59718",2619 Annie St,Bozeman,MT,59718,45.68934,-111.07236,,False,,,,
2087604204,FOR_RENT,Apartment for rent,,1600.0,,,,,1609.0,,,2.0,1.0,"411 N 16th Ave APT B, Bozeman, MT 59715",411 N 16th Ave APT B,Bozeman,MT,59715,45.684055,-111.058556,,False,,,,
116363531,FOR_RENT,House for rent,,1900.0,960.0,2.0,367600.0,383.0,2492.0,,,3.0,2.0,"110 Sunlight Ave, Bozeman, MT 59718",110 Sunlight Ave,Bozeman,MT,59718,45.68075,-111.07342,,False,,,,
92064913,FOR_RENT,Apartment for rent,,2850.0,1572.0,2.0,475700.0,303.0,2817.0,,,3.0,3.0,"1240 Baxter Creek Way UNIT A, Bozeman, MT 59718",1240 Baxter Creek Way UNIT A,Bozeman,MT,59718,45.691692,-111.11345,,False,,,,
125619998,FOR_RENT,House for rent,,2100.0,1109.0,2.0,962400.0,868.0,2670.0,,,3.0,2.0,"2480 Daws Dr APT A, Bozeman, MT 59718",2480 Daws Dr APT A,Bozeman,MT,59718,45.69143,-111.06995,,False,,,,
347509090,FOR_RENT,Apartment for rent,,1600.0,1426.0,1.0,,,1568.0,,,3.0,2.0,"423-425 W Mercury, 423-425 W Mercury St, Butte, MT 59701",423-425 W Mercury St,Butte,MT,59701,46.010876,-112.54122,,False,,,,
2072861696,FOR_RENT,Apartment for rent,,2800.0,1645.0,2.0,,,2653.0,,,3.0,3.0,"2863 N 27th Ave #1, Bozeman, MT 59718",2863 N 27th Ave #1,Bozeman,MT,59718,45.70831,-111.07336,,False,,,,
2071623618,FOR_RENT,Apartment for rent,,2450.0,1527.0,2.0,,,3445.0,,,3.0,3.0,"251 Magdalene Way UNIT B, Bozeman, MT 59715",251 Magdalene Way UNIT B,Bozeman,MT,59715,45.675404,-111.07774,,False,,,,
74923205,FOR_RENT,Apartment for rent,,1790.0,1200.0,1.0,724900.0,604.0,1982.0,,,3.0,1.0,"316 N. 10th Avenue, 316 N 10th Ave, Bozeman, MT 59715",316 N 10th Ave,Bozeman,MT,59715,45.682625,-111.049904,,False,,,,
2095306132,FOR_RENT,Apartment for rent,,1600.0,950.0,2.0,,,1725.0,,,2.0,1.0,"15th Ave - 311, 311 S 15th Ave APT 4, Bozeman, MT 59715",311 S 15th Ave APT 4,Bozeman,MT,59715,45.675854,-111.05751,,False,,,,
452929211,FOR_RENT,Apartment for rent,,19270.0,3938.0,5.0,,,,,,6.0,4.0,"323 Deer Creek Rd #ID1038983P, Somers, MT 59932",323 Deer Creek Rd #ID1038983P,Somers,MT,59932,48.049526,-114.2357,,False,,,,
445963699,FOR_RENT,Apartment for rent,,2100.0,1550.0,1.0,,,,,,3.0,2.0,"Prairie 305, 305 Prairie Ave #307, Bozeman, MT 59718",305 Prairie Ave #307,Bozeman,MT,59718,45.675602,-111.087814,,False,,,,
112056117,FOR_RENT,Apartment for rent,,1700.0,,,,,1611.0,,,2.0,1.0,"301 2nd West, 301 2nd St W, Whitehall, MT 59759",301 2nd St W,Whitehall,MT,59759,45.8727,-112.102615,,False,,,,
2082489273,FOR_RENT,Apartment for rent,,1750.0,1020.0,2.0,,,1752.0,,,2.0,1.0,"1608 W Koch Street, 1608 W Koch St APT B, Bozeman, MT 59715",1608 W Koch St APT B,Bozeman,MT,59715,45.675034,-111.05928,,False,,,,
452947195,FOR_RENT,Apartment for rent,,1600.0,810.0,2.0,,,,,,2.0,1.0,"917 7th Avenue South - 917, 917 7th Ave S, Great Falls, MT 59405",917 7th Ave S,Great Falls,MT,59405,47.497875,-111.291084,,False,,,,
2084378900,FOR_RENT,Apartment for rent,,1600.0,750.0,2.0,,,2419.0,,,1.0,1.0,"22 W Main St, 22 W Main St APT 17, Bozeman, MT 59715",22 W Main St APT 17,Bozeman,MT,59715,45.67911,-111.03802,,False,,,,
455557634,FOR_RENT,Apartment for rent,,1000.0,,,,,,,,2.0,1.0,"325 S Pacific St #4, Dillon, MT 59725",325 S Pacific St #4,Dillon,MT,59725,45.213737,-112.637856,,False,,,,
51409989,FOR_RENT,House for rent,,995.0,700.0,1.0,266800.0,381.0,1060.0,,,1.0,1.0,"902 1st Ave SW, Great Falls, MT 59404",902 1st Ave SW,Great Falls,MT,59404,47.50656,-111.32754,,False,,,,
455555302,FOR_RENT,Apartment for rent,,600.0,,,,,,,,,1.0,"1401 1st St #16, Havre, MT 59501",1401 1st St #16,Havre,MT,59501,48.551914,-109.661766,,False,,,,
455549670,FOR_RENT,Apartment for rent,,1400.0,1100.0,1.0,,,,,,2.0,1.0,"1103 Woodbridge Dr #B, Helena, MT 59601",1103 Woodbridge Dr #B,Helena,MT,59601,46.577595,-112.02007,,False,,,,
212861658,FOR_RENT,House for rent,,2400.0,896.0,3.0,375300.0,419.0,1676.0,,,2.0,2.0,"146 E Cottonwood Dr, Kalispell, MT 59901",146 E Cottonwood Dr,Kalispell,MT,59901,48.218513,-114.27251,,False,,,,
78168214,FOR_RENT,House for rent,,2400.0,2036.0,1.0,404500.0,199.0,2055.0,,,3.0,2.0,"901 N Park Ave, Helena, MT 59601",901 N Park Ave,Helena,MT,59601,46.596676,-112.03951,,False,,,,
74923545,FOR_RENT,Apartment for rent,,1900.0,,,,,1660.0,,,2.0,1.0,"307 S 15th Ave APT 3, Bozeman, MT 59715",307 S 15th Ave APT 3,Bozeman,MT,59715,45.67607,-111.05751,,False,,,,
2076646951,FOR_RENT,House for rent,,1275.0,800.0,2.0,221600.0,277.0,1205.0,,,2.0,1.0,"1534 Janie St, Billings, MT 59105",1534 Janie St,Billings,MT,59105,45.82909,-108.446175,,False,,,,
449122245,FOR_RENT,Apartment for rent,,1500.0,900.0,2.0,,,,,,1.0,1.0,"122 N 5th St UNIT B, Livingston, MT 59047",122 N 5th St UNIT B,Livingston,MT,59047,45.659763,-110.56519,,False,,,,
402750449,FOR_RENT,Apartment for rent,,1095.0,950.0,1.0,,,,,,1.0,1.0,"1727 8th Ave N #2, Billings, MT 59101",1727 8th Ave N #2,Billings,MT,59101,45.79431,-108.49935,,False,,,,
78169770,FOR_RENT,House for rent,,2000.0,1600.0,1.0,331500.0,207.0,2279.0,,,3.0,1.0,"1017 12th Ave, Helena, MT 59601",1017 12th Ave,Helena,MT,59601,46.590282,-112.02309,,False,,,,
337785951,FOR_RENT,House for rent,,2700.0,1200.0,2.0,425000.0,354.0,2266.0,,,3.0,2.0,"3598 Hitching Post Ln, Stevensville, MT 59870",3598 Hitching Post Ln,Stevensville,MT,59870,46.500946,-114.07232,,False,,,,
444539704,FOR_RENT,Apartment for rent,,3300.0,1080.0,3.0,,,,,,2.0,2.0,"2430 Tschache Ln APT 202, Bozeman, MT 59715",2430 Tschache Ln APT 202,Bozeman,MT,59715,45.6973,-111.07592,,False,,,,
455319451,FOR_RENT,Apartment for rent,,3100.0,1680.0,2.0,,,,,,3.0,1.0,"15520 Crowley Ln #3, Three Forks, MT 59752",15520 Crowley Ln #3,Three Forks,MT,59752,45.82656,-111.47794,,False,,,,
418275581,FOR_RENT,Apartment for rent,,1900.0,900.0,2.0,,,,,,2.0,1.0,"23 1/2 E Main St #B, Belgrade, MT 59714",23 1/2 E Main St #B,Belgrade,MT,59714,45.7759,-111.17657,,False,,,,
444537971,FOR_RENT,House for rent,,2700.0,2600.0,1.0,370300.0,142.0,,,,4.0,3.0,"4801 Utah Ave, Butte, MT 59701",4801 Utah Ave,Butte,MT,59701,45.95257,-112.5249,,False,,,,
2126164036,FOR_RENT,Apartment for rent,,2350.0,1328.0,2.0,,,2584.0,,,3.0,2.0,"1120 Longbow Ln APT F, Bozeman, MT 59718",1120 Longbow Ln APT F,Bozeman,MT,59718,45.691833,-111.115074,,False,,,,
439576814,FOR_RENT,Apartment for rent,,1500.0,640.0,2.0,,,,,,1.0,1.0,"1608 W Olive St #4, Bozeman, MT 59715",1608 W Olive St #4,Bozeman,MT,59715,45.676952,-111.05909,,False,,,,
3174180,FOR_RENT,House for rent,,1850.0,1500.0,1.0,282000.0,188.0,1432.0,,,2.0,1.0,"210 Burlington Ave, Billings, MT 59101",210 Burlington Ave,Billings,MT,59101,45.78181,-108.520996,,False,,,,
74932474,FOR_RENT,House for rent,,1695.0,1216.0,1.0,286300.0,235.0,2770.0,,,3.0,2.0,"75 Green Tree Dr, Belgrade, MT 59714",75 Green Tree Dr,Belgrade,MT,59714,45.778366,-111.21979,,False,,,,
74926193,FOR_RENT,Townhouse for rent,,3300.0,1552.0,2.0,492900.0,318.0,2769.0,,,3.0,3.0,"1517 Tempest Ct, Bozeman, MT 59718",1517 Tempest Ct,Bozeman,MT,59718,45.69453,-111.07402,,False,,,,
74927783,FOR_RENT,Apartment for rent,,1700.0,1000.0,2.0,822200.0,822.0,2482.0,,,1.0,2.0,"1339 Cherry Dr, Bozeman, MT 59715",1339 Cherry Dr,Bozeman,MT,59715,45.659832,-111.01678,,False,,,,
455402347,FOR_RENT,Apartment for rent,,1475.0,,,,,,,,2.0,1.0,"1325 W Quartz St APT 306, Butte, MT 59701",1325 W Quartz St APT 306,Butte,MT,59701,46.014736,-112.557625,,False,,,,
2069196856,FOR_RENT,Apartment for rent,,775.0,630.0,1.0,,,812.0,,,1.0,1.0,"1312 3rd Ave S #2, Great Falls, MT 59405",1312 3rd Ave S #2,Great Falls,MT,59405,47.5016,-111.284294,,False,,,,
2054477610,FOR_RENT,Apartment for rent,,1050.0,300.0,4.0,975600.0,3252.0,1674.0,,,1.0,1.0,"10630 State Highway 2, Coram, MT 59913",10630 State Highway 2,Coram,MT,59913,48.43731,-114.04068,,False,,,,
455130613,FOR_RENT,Apartment for rent,,1600.0,570.0,3.0,,,,,,1.0,1.0,"1833 N Cottonwood Rd, Bozeman, MT 59718",1833 N Cottonwood Rd,Bozeman,MT,59718,45.698032,-111.10403,,False,,,,
2066103407,FOR_RENT,Townhouse for rent,,2600.0,1450.0,2.0,,,1926.0,,,3.0,3.0,"2485 Aspen Grove Loop, Missoula, MT 59801",2485 Aspen Grove Loop,Missoula,MT,59801,46.859,-114.0365,,False,,,,
248175153,FOR_RENT,House for rent,,6500.0,3446.0,2.0,1184400.0,344.0,4500.0,,,4.0,3.0,"254 Bison Circle Dr, Kalispell, MT 59901",254 Bison Circle Dr,Kalispell,MT,59901,48.168907,-114.39239,,False,,,,
78193326,FOR_RENT,House for rent,,2400.0,1762.0,1.0,281700.0,160.0,1845.0,,,4.0,2.0,"721 W Park St, Butte, MT 59701",721 W Park St,Butte,MT,59701,46.012596,-112.54673,,False,,,,
455402589,FOR_RENT,Apartment for rent,,1275.0,1000.0,1.0,,,,,,2.0,1.0,"1528 Cannon St #E, Helena, MT 59601",1528 Cannon St #E,Helena,MT,59601,46.603058,-112.05879,,False,,,,
442587878,FOR_RENT,Apartment for rent,,2295.0,850.0,3.0,,,,,,2.0,1.0,"219 14th Ave S #4, Great Falls, MT 59405",219 14th Ave S #4,Great Falls,MT,59405,47.490074,-111.30282,,False,,,,
2061300011,FOR_RENT,Apartment for rent,,975.0,,,,,935.0,,,2.0,1.0,"334 4th St W, Culbertson, MT 59218",334 4th St W,Culbertson,MT,59218,48.146538,-104.5236,,False,,,,
116524000,FOR_RENT,House for rent,,18500.0,16000.0,1.0,1865000.0,117.0,1690.0,,,12.0,10.0,"995 Blue Slide Rd, Thompson Falls, MT 59873",995 Blue Slide Rd,Thompson Falls,MT,59873,47.77306,-115.45658,,False,,,,
78177702,FOR_RENT,House for rent,,2800.0,1890.0,1.0,779700.0,413.0,2148.0,,,4.0,2.0,"118 S H St, Livingston, MT 59047",118 S H St,Livingston,MT,59047,45.665012,-110.551796,,False,,,,
441751250,FOR_RENT,Apartment for rent,,1545.0,,,,,,,,1.0,1.0,"130 E Evergreen Dr #101, Kalispell, MT 59901",130 E Evergreen Dr #101,Kalispell,MT,59901,48.225845,-114.27268,,False,,,,
455394992,FOR_RENT,House for rent,,2200.0,1500.0,1.0,,,,,,3.0,1.0,"35256 Anna Lee Ln, Polson, MT 59860",35256 Anna Lee Ln,Polson,MT,59860,47.67181,-114.09803,,False,,,,
353293129,FOR_RENT,Apartment for rent,,1545.0,,,,,1603.0,,,1.0,1.0,"126 E Evergreen Dr #201, Kalispell, MT 59901",126 E Evergreen Dr #201,Kalispell,MT,59901,48.225845,-114.27284,,False,,,,
2069283342,FOR_RENT,Townhouse for rent,,5000.0,1655.0,3.0,,,3622.0,,,4.0,3.0,"1010 7th St E #A, Whitefish, MT 59937",1010 7th St E #A,Whitefish,MT,59937,48.405354,-114.32872,,False,,,,
78178453,FOR_RENT,House for rent,,2085.0,1262.0,2.0,370500.0,294.0,1502.0,,,2.0,1.0,"114 W Clark St, Livingston, MT 59047",114 W Clark St,Livingston,MT,59047,45.65914,-110.55866,,False,,,,
92072544,FOR_RENT,House for rent,,2200.0,1268.0,2.0,408600.0,322.0,2011.0,,,3.0,2.0,"165 Silverberry St, Hamilton, MT 59840",165 Silverberry St,Hamilton,MT,59840,46.249443,-114.148094,,False,,,,
3113231,FOR_RENT,House for rent,,3000.0,2656.0,1.0,406500.0,153.0,2818.0,,,5.0,3.0,"913 Buena Dr, Great Falls, MT 59404",913 Buena Dr,Great Falls,MT,59404,47.47728,-111.32906,,False,,,,
212849348,FOR_RENT,House for rent,,17000.0,4286.0,4.0,2064800.0,482.0,4113.0,,,5.0,4.0,"215 Lakeside Blvd, Lakeside, MT 59922",215 Lakeside Blvd,Lakeside,MT,59922,48.030888,-114.22369,,False,,,,
2078577145,FOR_RENT,Apartment for rent,,2275.0,900.0,3.0,,,1544.0,,,1.0,1.0,"179 Hideaway Trl, Whitefish, MT 59937",179 Hideaway Trl,Whitefish,MT,59937,48.338776,-114.344315,,False,,,,
193339031,FOR_RENT,House for rent,,2300.0,1440.0,2.0,560800.0,389.0,1951.0,,,4.0,2.0,"883 Bayers Ln, Silver Star, MT 59751",883 Bayers Ln,Silver Star,MT,59751,45.663925,-112.274254,,False,,,,
2071121287,FOR_RENT,Apartment for rent,,1100.0,840.0,1.0,,,985.0,,,1.0,1.0,"304 E Broadway St #1, Philipsburg, MT 59858",304 E Broadway St #1,Philipsburg,MT,59858,46.331417,-113.29164,,False,,,,
455290229,FOR_RENT,Apartment for rent,,1775.0,800.0,2.0,,,,,,1.0,1.0,"597 Iowa Ave UNIT 1, Missoula, MT 59802",597 Iowa Ave UNIT 1,Missoula,MT,59802,46.870872,-113.938225,,False,,,,
97897792,FOR_RENT,Townhouse for rent,,3600.0,2300.0,2.0,,,1751.0,,,3.0,3.0,"111 Gallatin Dr APT A, Bozeman, MT 59718",111 Gallatin Dr APT A,Bozeman,MT,59718,45.727745,-111.06893,,False,,,,
212849901,FOR_RENT,House for rent,,2500.0,1040.0,2.0,535400.0,515.0,1957.0,,,2.0,2.0,"230 Tamarack Woods Dr, Lakeside, MT 59922",230 Tamarack Woods Dr,Lakeside,MT,59922,48.008617,-114.22637,,False,,,,
74926643,FOR_RENT,House for rent,,3800.0,2200.0,2.0,717700.0,326.0,3550.0,,,4.0,2.0,"503 Staudaher St, Bozeman, MT 59715",503 Staudaher St,Bozeman,MT,59715,45.65106,-111.044075,,False,,,,
3168714,FOR_RENT,House for rent,,3200.0,1900.0,2.0,420700.0,221.0,2437.0,,,4.0,2.0,"1110 N 30th St, Billings, MT 59101",1110 N 30th St,Billings,MT,59101,45.79104,-108.51873,,False,,,,
445931592,FOR_RENT,Apartment for rent,,1685.0,,,,,,,,2.0,1.0,"528 N M St #2, Livingston, MT 59047",528 N M St #2,Livingston,MT,59047,45.673054,-110.55244,,False,,,,
401900268,FOR_RENT,House for rent,,1695.0,1200.0,1.0,265500.0,221.0,,,,3.0,1.0,"407 Vine St, Dillon, MT 59725",407 Vine St,Dillon,MT,59725,45.21957,-112.629524,,False,,,,
212888658,FOR_RENT,Townhouse for rent,,3800.0,2500.0,2.0,772100.0,309.0,4053.0,,,4.0,3.0,"777 Aspen Grove St, Whitefish, MT 59937",777 Aspen Grove St,Whitefish,MT,59937,48.419434,-114.33389,,False,,,,
455100515,FOR_RENT,Apartment for rent,,1295.0,,,,,,,,,1.0,"526 2nd Ave N, Great Falls, MT 59401",526 2nd Ave N,Great Falls,MT,59401,47.50722,-111.29779,,False,,,,
455315411,FOR_RENT,Apartment for rent,,1850.0,,,,,,,,2.0,1.0,"620 11th St W #620, Kalispell, MT 59901",620 11th St W #620,Kalispell,MT,59901,48.186172,-114.319336,,False,,,,
78163579,FOR_RENT,House for rent,,2600.0,2182.0,1.0,439400.0,201.0,2525.0,,,3.0,3.0,"3300 Dunlap Dr, Helena, MT 59602",3300 Dunlap Dr,Helena,MT,59602,46.61911,-112.04126,,False,,,,
51409955,FOR_RENT,House for rent,,1600.0,920.0,2.0,252200.0,274.0,1359.0,,,2.0,1.0,"620 4th Ave SW, Great Falls, MT 59404",620 4th Ave SW,Great Falls,MT,59404,47.50367,-111.32322,,False,,,,
2072575791,FOR_RENT,Townhouse for rent,,2900.0,1584.0,2.0,449100.0,284.0,2726.0,,,3.0,3.0,"3083 Warbler Way #B, Bozeman, MT 59718",3083 Warbler Way #B,Bozeman,MT,59718,45.711025,-111.07695,,False,,,,
78170867,FOR_RENT,House for rent,,1800.0,1120.0,2.0,312300.0,279.0,1954.0,,,3.0,1.0,"609 E Groschell St, East Helena, MT 59635",609 E Groschell St,East Helena,MT,59635,46.591087,-111.90996,,False,,,,
2081562783,FOR_RENT,Apartment for rent,,1095.0,350.0,3.0,,,1265.0,,,,1.0,"131 Speedway Ave #2B, Missoula, MT 59802",131 Speedway Ave #2B,Missoula,MT,59802,46.868015,-113.948555,,False,,,,
455357542,FOR_RENT,Apartment for rent,,1800.0,900.0,2.0,,,,,,2.0,1.0,"1629 Poplar St, Helena, MT 59601",1629 Poplar St,Helena,MT,59601,46.60462,-112.01164,,False,,,,
78144607,FOR_RENT,Apartment for rent,,2150.0,990.0,2.0,428200.0,433.0,2631.0,,,1.0,2.0,"6310 Locarno Dr APT F, Whitefish, MT 59937",6310 Locarno Dr APT F,Whitefish,MT,59937,48.37639,-114.31854,,False,,,,
212879793,FOR_RENT,House for rent,,4500.0,3000.0,2.0,814200.0,271.0,4933.0,,,4.0,3.0,"256 Mallard Loop, Whitefish, MT 59937",256 Mallard Loop,Whitefish,MT,59937,48.34313,-114.31384,,False,,,,
2088536881,FOR_RENT,Apartment for rent,,2200.0,512.0,4.0,,,1393.0,,,1.0,1.0,"1916 Trail St APT 101, Missoula, MT 59801",1916 Trail St APT 101,Missoula,MT,59801,46.869747,-114.02689,,False,,,,
74930341,FOR_RENT,House for rent,,3200.0,2400.0,1.0,793900.0,331.0,3037.0,,,4.0,2.0,"409 E Story St, Bozeman, MT 59715",409 E Story St,Bozeman,MT,59715,45.674175,-111.03158,,False,,,,
3168562,FOR_RENT,House for rent,,3300.0,2800.0,1.0,,,2133.0,,,5.0,2.0,"1446 Norman Park Dr, Billings, MT 59102",1446 Norman Park Dr,Billings,MT,59102,45.779373,-108.55304,,False,,,,
78169258,FOR_RENT,Apartment for rent,,2150.0,1600.0,1.0,373600.0,234.0,2080.0,,,3.0,2.0,"36 Dayspring Loop #1, Helena, MT 59601",36 Dayspring Loop #1,Helena,MT,59601,46.578922,-111.992645,,False,,,,
3143316,FOR_RENT,Townhouse for rent,,2700.0,1442.0,2.0,581600.0,403.0,2337.0,,,2.0,2.0,"1819 Daniel Dr, Missoula, MT 59802",1819 Daniel Dr,Missoula,MT,59802,46.86233,-113.96066,,False,,,,
78188358,FOR_RENT,House for rent,,1950.0,1824.0,1.0,249800.0,137.0,1675.0,,,4.0,2.0,"421 3rd St SE, Sidney, MT 59270",421 3rd St SE,Sidney,MT,59270,47.71151,-104.15328,,False,,,,
212917081,FOR_RENT,House for rent,,3200.0,1405.0,2.0,462400.0,329.0,3024.0,,,3.0,2.0,"105 N Davis St, Belgrade, MT 59714",105 N Davis St,Belgrade,MT,59714,45.77655,-111.17368,,False,,,,
351888317,FOR_RENT,Apartment for rent,,1295.0,600.0,2.0,,,1178.0,,,1.0,1.0,"10 S Idaho St #A, Butte, MT 59701",10 S Idaho St #A,Butte,MT,59701,46.01209,-112.54016,,False,,,,
92065147,FOR_RENT,Apartment for rent,,1800.0,600.0,3.0,309800.0,516.0,1957.0,,,1.0,1.0,"105 W Main St APT 4E, Bozeman, MT 59715",105 W Main St APT 4E,Bozeman,MT,59715,45.679592,-111.03901,,False,,,,
74928753,FOR_RENT,House for rent,,4250.0,2900.0,1.0,1059100.0,365.0,4211.0,,,4.0,3.0,"3075 Spring Meadows Dr, Bozeman, MT 59715",3075 Spring Meadows Dr,Bozeman,MT,59715,45.65013,-111.03624,,False,,,,
78119631,FOR_RENT,House for rent,,900.0,924.0,1.0,145600.0,158.0,1193.0,,,2.0,2.0,"748 Kentucky Ave, Dillon, MT 59725",748 Kentucky Ave,Dillon,MT,59725,45.217808,-112.623024,,False,,,,
212838812,FOR_RENT,Apartment for rent,,900.0,800.0,1.0,,,1902.0,,,2.0,1.0,"900 49th St S, Great Falls, MT 59405",900 49th St S,Great Falls,MT,59405,47.49455,-111.22647,,False,,,,
116341344,FOR_RENT,House for rent,,4195.0,2400.0,2.0,1585700.0,661.0,3419.0,,,4.0,4.0,"1815 Lower Valley Rd, Kalispell, MT 59901",1815 Lower Valley Rd,Kalispell,MT,59901,48.148174,-114.201706,,False,,,,
2092295047,FOR_RENT,Apartment for rent,,1850.0,900.0,2.0,,,1255.0,,,2.0,2.0,"510 4th Ave N APT 2, Great Falls, MT 59401",510 4th Ave N APT 2,Great Falls,MT,59401,47.509377,-111.2984,,False,,,,
2058424619,FOR_RENT,Apartment for rent,,1875.0,600.0,3.0,,,928.0,,,1.0,1.0,"620 27th St N #620, Great Falls, MT 59401",620 27th St N #620,Great Falls,MT,59401,47.51249,-111.26093,,False,,,,
3173162,FOR_RENT,House for rent,,3500.0,2352.0,1.0,,,2420.0,,,5.0,3.0,"1357 Valley Heights Rd, Billings, MT 59105",1357 Valley Heights Rd,Billings,MT,59105,45.817337,-108.52273,,False,,,,
2058154776,FOR_RENT,Apartment for rent,,1250.0,900.0,1.0,,,1237.0,,,2.0,1.0,"4111 Arden Ave #4111, Billings, MT 59101",4111 Arden Ave #4111,Billings,MT,59101,45.765972,-108.51583,,False,,,,
78193597,FOR_RENT,House for rent,,2500.0,2655.0,1.0,355200.0,134.0,2387.0,,,3.0,2.0,"510 W Galena St, Butte, MT 59701",510 W Galena St,Butte,MT,59701,46.01126,-112.543785,,False,,,,
452665209,FOR_RENT,Apartment for rent,,1600.0,1400.0,1.0,,,,,,1.0,2.0,"226 Tana Ln, Livingston, MT 59047",226 Tana Ln,Livingston,MT,59047,45.683895,-110.551315,,False,,,,
3129427,FOR_RENT,House for rent,,3400.0,2742.0,1.0,811800.0,296.0,3305.0,,,4.0,2.0,"1400 Sunflower Dr, Missoula, MT 59802",1400 Sunflower Dr,Missoula,MT,59802,46.895493,-113.96371,,False,,,,
455309168,FOR_RENT,Apartment for rent,,1150.0,780.0,1.0,,,,,,2.0,1.0,"303 Jackson St, Billings, MT 59101",303 Jackson St,Billings,MT,59101,45.764305,-108.51463,,False,,,,
74927559,FOR_RENT,Apartment for rent,,2850.0,1507.0,2.0,441000.0,293.0,2741.0,,,3.0,3.0,"5485 Glenellen Dr APT 2, Bozeman, MT 59718",5485 Glenellen Dr APT 2,Bozeman,MT,59718,45.690563,-111.11575,,False,,,,
3135710,FOR_RENT,House for rent,,3400.0,1824.0,2.0,632400.0,347.0,2474.0,,,3.0,2.0,"1726 Sherwood St, Missoula, MT 59802",1726 Sherwood St,Missoula,MT,59802,46.88022,-114.01641,,False,,,,
230859551,FOR_RENT,House for rent,,2250.0,2710.0,1.0,592800.0,219.0,1968.0,,,2.0,3.0,"221 Pine Ridge Rd, Florence, MT 59833",221 Pine Ridge Rd,Florence,MT,59833,46.621067,-114.03651,,False,,,,
2075372286,FOR_RENT,House for rent,,3500.0,2100.0,2.0,4541200.0,2162.0,7431.0,,,4.0,2.0,"150 La Bar Ln, Whitefish, MT 59937",150 La Bar Ln,Whitefish,MT,59937,48.383263,-114.30769,,False,,,,
113218526,FOR_RENT,House for rent,,2900.0,2439.0,1.0,459300.0,188.0,2729.0,,,4.0,3.0,"1432 Chesapeake Ln, Billings, MT 59101",1432 Chesapeake Ln,Billings,MT,59101,45.743,-108.55263,,False,,,,
3170802,FOR_RENT,House for rent,,2500.0,2076.0,1.0,394400.0,190.0,2442.0,,,5.0,2.0,"2307 Elizabeth St, Billings, MT 59102",2307 Elizabeth St,Billings,MT,59102,45.793602,-108.581604,,False,,,,
3162936,FOR_RENT,House for rent,,2800.0,2176.0,1.0,409800.0,188.0,2400.0,,,4.0,3.0,"131 S Santa Fe Dr, Billings, MT 59102",131 S Santa Fe Dr,Billings,MT,59102,45.766624,-108.57057,,False,,,,
3147014,FOR_RENT,Apartment for rent,,2250.0,1008.0,2.0,,,1284.0,,,2.0,1.0,"2200 Garland Dr APT 22, Missoula, MT 59803",2200 Garland Dr APT 22,Missoula,MT,59803,46.82668,-114.032906,,False,,,,
78199671,FOR_RENT,House for rent,,2600.0,2750.0,1.0,346500.0,126.0,2832.0,,,5.0,3.0,"2406 Moulton St, Butte, MT 59701",2406 Moulton St,Butte,MT,59701,45.990864,-112.50218,,False,,,,
227184036,FOR_RENT,Apartment for rent,,1600.0,820.0,2.0,248900.0,304.0,1371.0,,,1.0,1.0,"102 Kootenai Ave #2, Polson, MT 59860",102 Kootenai Ave #2,Polson,MT,59860,47.69659,-114.16148,,False,,,,
78201634,FOR_RENT,House for rent,,2500.0,2128.0,1.0,303700.0,143.0,2278.0,,,4.0,2.0,"1845 Sampson St, Butte, MT 59701",1845 Sampson St,Butte,MT,59701,45.982838,-112.51251,,False,,,,
92065478,FOR_RENT,House for rent,,3000.0,1800.0,2.0,516300.0,287.0,2809.0,,,3.0,3.0,"1314 Idaho St, Belgrade, MT 59714",1314 Idaho St,Belgrade,MT,59714,45.76285,-111.16667,,False,,,,
3168480,FOR_RENT,House for rent,,2195.0,2552.0,1.0,426800.0,167.0,1954.0,,,2.0,3.0,"735 Park Ln, Billings, MT 59102",735 Park Ln,Billings,MT,59102,45.79827,-108.5347,,False,,,,
2069132250,FOR_RENT,Townhouse for rent,,2950.0,1800.0,2.0,600100.0,333.0,2844.0,,,3.0,4.0,"11 Gallatin Dr #11B, Bozeman, MT 59718",11 Gallatin Dr #11B,Bozeman,MT,59718,45.73031,-111.0673,,False,,,,
2068021938,FOR_RENT,Apartment for rent,,3000.0,1716.0,2.0,,,2642.0,,,3.0,3.0,"1215 Basecamp Dr UNIT B, Missoula, MT 59802",1215 Basecamp Dr UNIT B,Missoula,MT,59802,46.883446,-113.96676,,False,,,,
78119460,FOR_RENT,House for rent,,1500.0,1994.0,1.0,321900.0,161.0,819.0,,,1.0,1.0,"802 E Center St, Dillon, MT 59725",802 E Center St,Dillon,MT,59725,45.213516,-112.62932,,False,,,,
216381901,FOR_RENT,House for rent,,2950.0,2870.0,1.0,777700.0,271.0,2998.0,,,2.0,3.0,"2351 Bear Creek Rd, Helena, MT 59601",2351 Bear Creek Rd,Helena,MT,59601,46.53019,-112.171776,,False,,,,
3113055,FOR_RENT,House for rent,,2995.0,1860.0,2.0,520400.0,280.0,2873.0,,,3.0,2.0,"528 10th Ave SW, Great Falls, MT 59404",528 10th Ave SW,Great Falls,MT,59404,47.49402,-111.3216,,False,,,,
3137450,FOR_RENT,House for rent,,3250.0,1760.0,2.0,578900.0,329.0,3077.0,,,4.0,2.0,"232 N 1st St W, Missoula, MT 59802",232 N 1st St W,Missoula,MT,59802,46.877354,-113.99338,,False,,,,
3137703,FOR_RENT,House for rent,,2650.0,1431.0,2.0,468900.0,328.0,2387.0,,,3.0,1.0,"224 E Spruce St, Missoula, MT 59802",224 E Spruce St,Missoula,MT,59802,46.8737,-113.99044,,False,,,,
2069752842,FOR_RENT,Townhouse for rent,,3000.0,2399.0,1.0,670300.0,279.0,3116.0,,,3.0,3.0,"107 Gallatin Dr APT B, Bozeman, MT 59718",107 Gallatin Dr APT B,Bozeman,MT,59718,45.72908,-111.06906,,False,,,,
455130106,FOR_RENT,Apartment for rent,,1100.0,,,,,,,,2.0,1.0,"44522 Billy Jean Ln #14, Ronan, MT 59864",44522 Billy Jean Ln #14,Ronan,MT,59864,47.565823,-114.127754,,False,,,,
2057554803,FOR_RENT,Townhouse for rent,,2500.0,1626.0,2.0,370300.0,228.0,2261.0,,,3.0,3.0,"1746 Saint George Blvd, Billings, MT 59101",1746 Saint George Blvd,Billings,MT,59101,45.73827,-108.57056,,False,,,,
3165837,FOR_RENT,House for rent,,2400.0,1567.0,2.0,412300.0,263.0,2255.0,,,4.0,3.0,"2228 Elm St, Billings, MT 59101",2228 Elm St,Billings,MT,59101,45.792397,-108.52487,,False,,,,
443879863,FOR_RENT,House for rent,,2600.0,1668.0,2.0,440800.0,264.0,,,,3.0,2.0,"6148 Norma Jean Ln, Billings, MT 59101",6148 Norma Jean Ln,Billings,MT,59101,45.735348,-108.57044,,False,,,,
74922527,FOR_RENT,House for rent,,2300.0,1300.0,2.0,705300.0,543.0,2155.0,,,2.0,1.0,"307 N Yellowstone Ave, Bozeman, MT 59718",307 N Yellowstone Ave,Bozeman,MT,59718,45.682705,-111.08869,,False,,,,
442433797,FOR_RENT,Apartment for rent,,1250.0,,,,,,,,1.0,1.0,"2208 2nd Ave N #2208, Billings, MT 59101",2208 2nd Ave N #2208,Billings,MT,59101,45.786194,-108.4996,,False,,,,
250092388,FOR_RENT,House for rent,,4700.0,3800.0,1.0,372800.0,98.0,4644.0,,,4.0,3.0,"3 Park Dr, Three Forks, MT 59752",3 Park Dr,Three Forks,MT,59752,45.84076,-111.69835,,False,,,,
455221462,FOR_RENT,House for rent,,1900.0,1300.0,1.0,483800.0,372.0,,,,2.0,3.0,"733 Moonshadow Ln, Stevensville, MT 59870",733 Moonshadow Ln,Stevensville,MT,59870,46.421276,-114.03398,,False,,,,
230853158,FOR_RENT,House for rent,,3500.0,2080.0,2.0,518500.0,249.0,2436.0,,,4.0,2.0,"782 Quast Ln, Corvallis, MT 59828",782 Quast Ln,Corvallis,MT,59828,46.32758,-114.06294,,False,,,,
74918525,FOR_RENT,House for rent,,3200.0,2384.0,1.0,516500.0,217.0,3105.0,,,4.0,2.0,"1002 Sunrise Dr, Belgrade, MT 59714",1002 Sunrise Dr,Belgrade,MT,59714,45.792904,-111.18547,,False,,,,
303838542,FOR_RENT,Apartment for rent,,3000.0,,,,,1707.0,,,1.0,1.0,"2972 N 27th Ave SUITE B, Bozeman, MT 59718",2972 N 27th Ave SUITE B,Bozeman,MT,59718,45.709,-111.073685,,False,,,,
2112998381,FOR_RENT,Apartment for rent,,1495.0,750.0,2.0,,,1240.0,,,1.0,1.0,"117 Hamilton St APT 3B, Butte, MT 59701",117 Hamilton St APT 3B,Butte,MT,59701,46.01384,-112.537155,,False,,,,
2067461209,FOR_RENT,Apartment for rent,,1400.0,875.0,2.0,,,1183.0,,,2.0,1.0,"1200 6th St NW APT 3, Great Falls, MT 59404",1200 6th St NW APT 3,Great Falls,MT,59404,47.518406,-111.32475,,False,,,,
116315655,FOR_RENT,House for rent,,7500.0,2350.0,3.0,1718900.0,731.0,3931.0,,,4.0,3.0,"2310 Spotted Elk Rd, Big Sky, MT 59716",2310 Spotted Elk Rd,Big Sky,MT,59716,45.26856,-111.29991,,False,,,,
122866375,FOR_RENT,Townhouse for rent,,3300.0,1740.0,2.0,544200.0,313.0,2752.0,,,3.0,3.0,"1934 Leeward Ct, Bozeman, MT 59718",1934 Leeward Ct,Bozeman,MT,59718,45.69944,-111.07282,,False,,,,
2074029223,FOR_RENT,Apartment for rent,,7000.0,1208.0,6.0,,,3657.0,,,2.0,2.0,"6007 Saint Moritz Dr, Whitefish, MT 59937",6007 Saint Moritz Dr,Whitefish,MT,59937,48.376797,-114.31837,,False,,,,
84159938,FOR_RENT,Townhouse for rent,,2400.0,1398.0,2.0,410000.0,293.0,2304.0,,,3.0,3.0,"41 Stratford Dr, Kalispell, MT 59901",41 Stratford Dr,Kalispell,MT,59901,48.175976,-114.32052,,False,,,,
92064836,FOR_RENT,House for rent,,3200.0,1636.0,2.0,650700.0,398.0,3134.0,,,3.0,2.0,"872 Longbow Ln, Bozeman, MT 59718",872 Longbow Ln,Bozeman,MT,59718,45.688766,-111.11568,,False,,,,
116361906,FOR_RENT,Apartment for rent,,7000.0,1672.0,4.0,921800.0,551.0,3772.0,,,3.0,2.0,"271 Sunburst Dr #K-3, Big Sky, MT 59716",271 Sunburst Dr #K-3,Big Sky,MT,59716,45.262665,-111.327034,,False,,,,
78131272,FOR_RENT,Apartment for rent,,1250.0,1000.0,1.0,,,1206.0,,,2.0,1.0,"408 Cherry St, Anaconda, MT 59711",408 Cherry St,Anaconda,MT,59711,46.126484,-112.95135,,False,,,,
74929781,FOR_RENT,House for rent,,3750.0,2524.0,1.0,860900.0,341.0,2882.0,,,2.0,2.0,"506 N Montana Ave, Bozeman, MT 59715",506 N Montana Ave,Bozeman,MT,59715,45.684216,-111.032715,,False,,,,
78135264,FOR_RENT,Townhouse for rent,,3500.0,1564.0,2.0,816300.0,522.0,2603.0,,,3.0,2.0,"150 Adams St UNIT 5, Lakeside, MT 59922",150 Adams St UNIT 5,Lakeside,MT,59922,48.019375,-114.22331,,False,,,,
2053976991,FOR_RENT,Apartment for rent,,1400.0,950.0,1.0,,,1522.0,,,2.0,1.0,"1520 Ashberry Ct #4, Missoula, MT 59801",1520 Ashberry Ct #4,Missoula,MT,59801,46.841057,-114.01982,,False,,,,
2065805606,FOR_RENT,Apartment for rent,,950.0,,,,,925.0,,,1.0,1.0,"1048 N 23rd St UNIT 3, Billings, MT 59101",1048 N 23rd St UNIT 3,Billings,MT,59101,45.794674,-108.50946,,False,,,,
347001032,FOR_RENT,House for rent,,3600.0,1578.0,2.0,412500.0,261.0,2975.0,,,3.0,2.0,"2891 Jeannette Rankin Dr, Helena, MT 59601",2891 Jeannette Rankin Dr,Helena,MT,59601,46.582596,-111.94135,,False,,,,
2080307620,FOR_RENT,Apartment for rent,,2595.0,1330.0,2.0,,,2308.0,,,3.0,2.0,"1094 Longbow Ln #F-1, Bozeman, MT 59718",1094 Longbow Ln #F-1,Bozeman,MT,59718,45.691353,-111.11508,,False,,,,
455274250,FOR_RENT,Townhouse for rent,,1500.0,2000.0,1.0,,,,,,3.0,2.0,"517 14th St W, Havre, MT 59501",517 14th St W,Havre,MT,59501,48.537716,-109.69345,,False,,,,
445830263,FOR_RENT,Apartment for rent,,4000.0,879.0,5.0,,,,,,2.0,2.0,"329 Gallatin Park Dr #B, Bozeman, MT 59715",329 Gallatin Park Dr #B,Bozeman,MT,59715,45.70783,-111.04334,,False,,,,
3170295,FOR_RENT,House for rent,,2400.0,2952.0,1.0,414800.0,141.0,2323.0,,,5.0,2.0,"514 Glen Dr, Billings, MT 59102",514 Glen Dr,Billings,MT,59102,45.775616,-108.56317,,False,,,,
2077950469,FOR_RENT,Apartment for rent,,1560.0,,,,,1043.0,,,1.0,1.0,"206 10th St #B, Belgrade, MT 59714",206 10th St #B,Belgrade,MT,59714,45.786423,-111.18943,,False,,,,
2056944705,FOR_RENT,Apartment for rent,,1650.0,685.0,2.0,,,1142.0,,,1.0,2.0,"823 W Geyser St #C, Livingston, MT 59047",823 W Geyser St #C,Livingston,MT,59047,45.653446,-110.5653,,False,,,,
2058150386,FOR_RENT,Apartment for rent,,1995.0,800.0,2.0,,,1049.0,,,2.0,1.0,"622 27th St N #622, Great Falls, MT 59401",622 27th St N #622,Great Falls,MT,59401,47.512634,-111.26098,,False,,,,
78149349,FOR_RENT,House for rent,,3400.0,1872.0,2.0,849000.0,454.0,3082.0,,,5.0,2.0,"125 Birch Dr, Whitefish, MT 59937",125 Birch Dr,Whitefish,MT,59937,48.410015,-114.31375,,False,,,,
242074447,FOR_RENT,House for rent,,1850.0,1100.0,2.0,1583900.0,1440.0,2067.0,,,3.0,2.0,"31963 Mahood Ln, Polson, MT 59860",31963 Mahood Ln,Polson,MT,59860,47.747753,-114.02695,,False,,,,
453896507,FOR_RENT,Townhouse for rent,,2450.0,1400.0,2.0,474900.0,339.0,,,,3.0,2.0,"208 N Pondera Ave #D, Bozeman, MT 59718",208 N Pondera Ave #D,Bozeman,MT,59718,45.67666,-111.09063,,False,,,,
2078482559,FOR_RENT,Apartment for rent,,1550.0,1026.0,2.0,,,1583.0,,,2.0,2.0,"6020 Elysian Rd #202, Billings, MT 59101",6020 Elysian Rd #202,Billings,MT,59101,45.74052,-108.5677,,False,,,,
2083666607,FOR_RENT,House for rent,,1450.0,1200.0,1.0,424700.0,354.0,3586.0,,,1.0,1.0,"14155 Rocky Mountain Rd, Belgrade, MT 59714",14155 Rocky Mountain Rd,Belgrade,MT,59714,45.87995,-111.078705,,False,,,,
116126125,FOR_RENT,House for rent,,750.0,500.0,2.0,502800.0,1006.0,1639.0,,,1.0,1.0,"86 Elkhorn Ln, Butte, MT 59701",86 Elkhorn Ln,Butte,MT,59701,45.90463,-112.574104,,False,,,,
78167933,FOR_RENT,House for rent,,2800.0,1920.0,1.0,437600.0,228.0,2278.0,,,4.0,2.0,"409 Graham St, Helena, MT 59601",409 Graham St,Helena,MT,59601,46.580856,-112.000694,,False,,,,
454590381,FOR_RENT,Apartment for rent,,1695.0,750.0,2.0,,,,,,1.0,1.0,"421 E 6th Ave #1/2, Helena, MT 59601",421 E 6th Ave #1/2,Helena,MT,59601,46.58651,-112.03289,,False,,,,
2084099304,FOR_RENT,Apartment for rent,,2800.0,1550.0,2.0,,,2683.0,,,3.0,3.0,"4204 Brenden St APT A, Bozeman, MT 59718",4204 Brenden St APT A,Bozeman,MT,59718,45.682766,-111.09533,,False,,,,
338454214,FOR_RENT,Apartment for rent,,3300.0,1452.0,2.0,615900.0,424.0,2801.0,,,2.0,2.0,"6201 Shiloh Ave UNIT E, Whitefish, MT 59937",6201 Shiloh Ave UNIT E,Whitefish,MT,59937,48.385647,-114.33307,,False,,,,
79869313,FOR_RENT,House for rent,,2750.0,1086.0,3.0,454500.0,419.0,2583.0,,,3.0,2.0,"677 Speedway Ave, Missoula, MT 59802",677 Speedway Ave,Missoula,MT,59802,46.873848,-113.93868,,False,,,,
443148304,FOR_RENT,Apartment for rent,,2600.0,,,,,,,,1.0,1.0,"922 Windrow Dr #924, Bozeman, MT 59718",922 Windrow Dr #924,Bozeman,MT,59718,45.690395,-111.095665,,False,,,,
212899192,FOR_RENT,House for rent,,5950.0,2580.0,2.0,1247000.0,483.0,4894.0,,,5.0,5.0,"286 Circle F Trl, Bozeman, MT 59718",286 Circle F Trl,Bozeman,MT,59718,45.674362,-111.16704,,False,,,,
305038012,FOR_RENT,Apartment for rent,,5500.0,4000.0,1.0,,,3582.0,,,2.0,2.0,"81549 Gallatin Rd UNIT 4, Bozeman, MT 59718",81549 Gallatin Rd UNIT 4,Bozeman,MT,59718,45.66626,-111.18586,,False,,,,
118504777,FOR_RENT,House for rent,,1900.0,1000.0,2.0,257300.0,257.0,1922.0,,,3.0,2.0,"2411 Agnes Ave, Missoula, MT 59801",2411 Agnes Ave,Missoula,MT,59801,46.843067,-114.03787,,False,,,,
97897134,FOR_RENT,House for rent,,6900.0,5250.0,1.0,745400.0,142.0,2054.0,,,2.0,2.0,"745 Madison River Rd, Three Forks, MT 59752",745 Madison River Rd,Three Forks,MT,59752,45.694004,-111.51233,,False,,,,
3147518,FOR_RENT,House for rent,,2750.0,1266.0,2.0,465900.0,368.0,2750.0,,,3.0,2.0,"2209 S 13th St W, Missoula, MT 59801",2209 S 13th St W,Missoula,MT,59801,46.85755,-114.03218,,False,,,,
74923541,FOR_RENT,Apartment for rent,,1650.0,755.0,2.0,839100.0,1111.0,1642.0,,,1.0,1.0,"622 S 15th Ave, Bozeman, MT 59715",622 S 15th Ave,Bozeman,MT,59715,45.672546,-111.05674,,False,,,,
212882796,FOR_RENT,Townhouse for rent,,2800.0,2849.0,1.0,611300.0,215.0,2730.0,,,3.0,4.0,"41 Cedar Pointe Loop, Columbia Falls, MT 59912",41 Cedar Pointe Loop,Columbia Falls,MT,59912,48.36605,-114.18413,,False,,,,
2073225067,FOR_RENT,Apartment for rent,,2700.0,1100.0,2.0,,,1870.0,,,2.0,2.0,"1297 Thomas Dr, Bozeman, MT 59718",1297 Thomas Dr,Bozeman,MT,59718,45.701424,-111.072655,,False,,,,
2109133704,FOR_RENT,Apartment for rent,,800.0,,,,,797.0,,,1.0,1.0,"117 S Sargent Ave APT 4, Glendive, MT 59330",117 S Sargent Ave APT 4,Glendive,MT,59330,47.10163,-104.70973,,False,,,,
3140324,FOR_RENT,House for rent,,3700.0,2450.0,2.0,550700.0,225.0,3268.0,,,4.0,3.0,"2502 Arcadia Dr, Missoula, MT 59803",2502 Arcadia Dr,Missoula,MT,59803,46.82776,-114.040825,,False,,,,
74919155,FOR_RENT,House for rent,,2600.0,907.0,3.0,361500.0,399.0,2520.0,,,3.0,1.0,"18 E Adams St, Three Forks, MT 59752",18 E Adams St,Three Forks,MT,59752,45.895325,-111.55688,,False,,,,
116332451,FOR_RENT,Townhouse for rent,,2475.0,1400.0,2.0,640100.0,457.0,1882.0,,,2.0,2.0,"185 Elk Park Rd, Columbia Falls, MT 59912",185 Elk Park Rd,Columbia Falls,MT,59912,48.302773,-114.17216,,False,,,,
78160822,FOR_RENT,House for rent,,2275.0,1312.0,2.0,337100.0,257.0,2409.0,,,3.0,2.0,"1229 Leslie Ave, Helena, MT 59601",1229 Leslie Ave,Helena,MT,59601,46.603443,-112.05227,,False,,,,
2087927990,FOR_RENT,House for rent,,2900.0,1800.0,2.0,651400.0,362.0,2852.0,,,4.0,3.0,"828 Woodford St, Missoula, MT 59801",828 Woodford St,Missoula,MT,59801,46.856796,-114.00741,,False,,,,
119776093,FOR_RENT,Townhouse for rent,,4000.0,2129.0,2.0,711600.0,334.0,3058.0,,,3.0,2.0,"2519 Valhalla Ct, Bozeman, MT 59715",2519 Valhalla Ct,Bozeman,MT,59715,45.706875,-111.02182,,False,,,,
2069154718,FOR_RENT,Apartment for rent,,1600.0,1280.0,1.0,,,2021.0,,,2.0,1.0,"8403 Little Gully Run #BASEMENT, Bozeman, MT 59715",8403 Little Gully Run #BASEMENT,Bozeman,MT,59715,45.738182,-111.01835,,False,,,,
441586425,FOR_RENT,Apartment for rent,,2500.0,,,,,,,,1.0,1.0,"404 N Rouse Ave #ADU, Bozeman, MT 59715",404 N Rouse Ave #ADU,Bozeman,MT,59715,45.683174,-111.03168,,False,,,,
3115250,FOR_RENT,House for rent,,1900.0,2000.0,1.0,301900.0,151.0,2206.0,,,4.0,2.0,"1820 Sunset Rd, Great Falls, MT 59404",1820 Sunset Rd,Great Falls,MT,59404,47.50254,-111.345055,,False,,,,
331263095,FOR_RENT,Apartment for rent,,6000.0,2092.0,3.0,677100.0,324.0,3559.0,,,3.0,3.0,"576 Enterprise Blvd APT 35, Bozeman, MT 59718",576 Enterprise Blvd APT 35,Bozeman,MT,59718,45.6484,-111.069374,,False,,,,
112055897,FOR_RENT,Townhouse for rent,,2500.0,1400.0,2.0,516100.0,369.0,2730.0,,,3.0,2.0,"1079 Cottonwood Rd, Bozeman, MT 59718",1079 Cottonwood Rd,Bozeman,MT,59718,45.690693,-111.104225,,False,,,,
2068525780,FOR_RENT,House for rent,,3000.0,2251.0,1.0,599600.0,266.0,3236.0,,,4.0,3.0,"1317A Idaho St, Belgrade, MT 59714",1317A Idaho St,Belgrade,MT,59714,45.762882,-111.16782,,False,,,,
2055468226,FOR_RENT,House for rent,,3750.0,1882.0,2.0,758600.0,403.0,4149.0,,,3.0,3.0,"3050 S 31st Ave, Bozeman, MT 59718",3050 S 31st Ave,Bozeman,MT,59718,45.64999,-111.075325,,False,,,,
3108558,FOR_RENT,House for rent,,1685.0,864.0,2.0,299800.0,347.0,1594.0,,,2.0,1.0,"1422 5th Ave S, Great Falls, MT 59405",1422 5th Ave S,Great Falls,MT,59405,47.499393,-111.282166,,False,,,,
2081491349,FOR_RENT,Apartment for rent,,1100.0,780.0,1.0,,,1193.0,,,2.0,1.0,"1512 20th St S APT 1, Great Falls, MT 59405",1512 20th St S APT 1,Great Falls,MT,59405,47.488247,-111.27343,,False,,,,
454920275,FOR_RENT,Apartment for rent,,1475.0,,,,,,,,2.0,1.0,"716 S 16th Ave, Bozeman, MT 59715",716 S 16th Ave,Bozeman,MT,59715,45.672268,-111.05848,,False,,,,
454244307,FOR_RENT,House for rent,,1500.0,1150.0,1.0,240800.0,209.0,,,,3.0,1.0,"1009 3rd St NW, Choteau, MT 59422",1009 3rd St NW,Choteau,MT,59422,47.81268,-112.19313,,False,,,,
446371926,FOR_RENT,House for rent,,1900.0,1004.0,2.0,300500.0,299.0,,,,2.0,1.0,"720 9th Ave SW, Great Falls, MT 59404",720 9th Ave SW,Great Falls,MT,59404,47.49538,-111.32485,,False,,,,
2088944518,FOR_RENT,Apartment for rent,,1100.0,700.0,2.0,,,895.0,,,1.0,1.0,"1027 8th Ave S, Great Falls, MT 59405",1027 8th Ave S,Great Falls,MT,59405,47.496677,-111.28892,,False,,,,
331247919,FOR_RENT,House for rent,,2550.0,1340.0,2.0,468200.0,349.0,2369.0,,,3.0,2.0,"4443 Chesapeake Way, Missoula, MT 59808",4443 Chesapeake Way,Missoula,MT,59808,46.91692,-114.05974,,False,,,,
447947087,FOR_RENT,Apartment for rent,,3000.0,,,,,,,,3.0,2.0,"207 Prairie Grass Ct APT D, Bozeman, MT 59718",207 Prairie Grass Ct APT D,Bozeman,MT,59718,45.682735,-111.188385,,False,,,,
448214739,FOR_RENT,Apartment for rent,,2000.0,2000.0,1.0,,,,,,,1.0,"950 State Highway 93 N #D, Victor, MT 59875",950 State Highway 93 N #D,Victor,MT,59875,46.4077,-114.26012,,False,,,,
455191541,FOR_RENT,Apartment for rent,,1000.0,600.0,2.0,,,,,,,1.0,"1008 E 6th Ave APT B, Helena, MT 59601",1008 E 6th Ave APT B,Helena,MT,59601,46.58701,-112.0237,,False,,,,
51409824,FOR_RENT,House for rent,,2400.0,2650.0,1.0,408400.0,154.0,2074.0,,,4.0,2.0,"2704 3rd Ave N, Great Falls, MT 59401",2704 3rd Ave N,Great Falls,MT,59401,47.50809,-111.26025,,False,,,,
3141780,FOR_RENT,House for rent,,2750.0,1080.0,3.0,436600.0,404.0,2362.0,,,2.0,1.0,"319 Northview Dr, Missoula, MT 59803",319 Northview Dr,Missoula,MT,59803,46.839252,-114.00054,,False,,,,
3108012,FOR_RENT,House for rent,,2150.0,2040.0,1.0,245400.0,120.0,2145.0,,,4.0,2.0,"620 9th Ave S, Great Falls, MT 59405",620 9th Ave S,Great Falls,MT,59405,47.495075,-111.29613,,False,,,,
78140926,FOR_RENT,House for rent,,2495.0,1212.0,2.0,444100.0,366.0,2287.0,,,3.0,2.0,"2136 Harlequin Ct, Kalispell, MT 59901",2136 Harlequin Ct,Kalispell,MT,59901,48.173534,-114.316025,,False,,,,
3116955,FOR_RENT,House for rent,,2200.0,2112.0,1.0,337700.0,160.0,2102.0,,,3.0,2.0,"3021 9th St NE, Great Falls, MT 59404",3021 9th St NE,Great Falls,MT,59404,47.534252,-111.29124,,False,,,,
454920754,FOR_RENT,Apartment for rent,,1400.0,,,,,,,,2.0,1.0,"703 Silverbow Ave APT B, Belgrade, MT 59714",703 Silverbow Ave APT B,Belgrade,MT,59714,45.76933,-111.173546,,False,,,,
119775062,FOR_RENT,Townhouse for rent,,3150.0,926.0,3.0,425400.0,459.0,2403.0,,,2.0,2.0,"2404 Par Ct APT 4, Bozeman, MT 59715",2404 Par Ct APT 4,Bozeman,MT,59715,45.70489,-111.02376,,False,,,,
347917490,FOR_RENT,Apartment for rent,,2500.0,1120.0,2.0,,,1613.0,,,2.0,1.0,"1114 Knight St #1, Helena, MT 59601",1114 Knight St #1,Helena,MT,59601,46.599075,-112.052734,,False,,,,
78137106,FOR_RENT,House for rent,,2100.0,1040.0,2.0,375500.0,361.0,2127.0,,,3.0,2.0,"122 Empire Loop, Kalispell, MT 59901",122 Empire Loop,Kalispell,MT,59901,48.217026,-114.34945,,False,,,,
78119405,FOR_RENT,House for rent,,1200.0,951.0,1.0,308000.0,324.0,1179.0,,,2.0,2.0,"705 E Sebree St, Dillon, MT 59725",705 E Sebree St,Dillon,MT,59725,45.212482,-112.63215,,False,,,,
2066164660,FOR_RENT,House for rent,,1700.0,1600.0,1.0,322200.0,201.0,1440.0,,,3.0,2.0,"2417-2419 6th Ave N, Great Falls, MT 59401",2417-2419 6th Ave N,Great Falls,MT,59401,47.511612,-111.244156,,False,,,,
3165523,FOR_RENT,House for rent,,2500.0,2500.0,1.0,370300.0,148.0,2495.0,,,4.0,3.0,"2226 Miles Ave, Billings, MT 59102",2226 Miles Ave,Billings,MT,59102,45.773552,-108.573326,,False,,,,
234684646,FOR_RENT,House for rent,,3500.0,1519.0,2.0,598300.0,394.0,3037.0,,,3.0,2.0,"1119 Grant Ave S, Red Lodge, MT 59068",1119 Grant Ave S,Red Lodge,MT,59068,45.17467,-109.25217,,False,,,,
2069501961,FOR_RENT,Apartment for rent,,1600.0,820.0,2.0,,,1807.0,,,2.0,1.0,"102 10th St APT B, Belgrade, MT 59714",102 10th St APT B,Belgrade,MT,59714,45.785175,-111.190704,,False,,,,
227187267,FOR_RENT,House for rent,,2250.0,1568.0,1.0,550900.0,351.0,2401.0,,,3.0,2.0,"34373 Hilltop Dr, Polson, MT 59860",34373 Hilltop Dr,Polson,MT,59860,47.77925,-114.08004,,False,,,,
3163313,FOR_RENT,House for rent,,2300.0,2261.0,1.0,328600.0,145.0,2471.0,,,4.0,2.0,"644 Avenue F, Billings, MT 59102",644 Avenue F,Billings,MT,59102,45.788742,-108.532814,,False,,,,
212886333,FOR_RENT,House for rent,,19900.0,2316.0,9.0,3414200.0,1474.0,4543.0,,,5.0,5.0,"183 Ridge Run Dr, Whitefish, MT 59937",183 Ridge Run Dr,Whitefish,MT,59937,48.47645,-114.35958,,False,,,,
116510279,FOR_RENT,House for rent,,3200.0,2800.0,1.0,1656600.0,592.0,2704.0,,,5.0,4.0,"42546 La Bella Ln, Big Arm, MT 59910",42546 La Bella Ln,Big Arm,MT,59910,47.814465,-114.24477,,False,,,,
443470316,FOR_RENT,House for rent,,2250.0,2110.0,1.0,369200.0,175.0,,,,3.0,1.0,"27915 State Highway 35, Polson, MT 59860",27915 State Highway 35,Polson,MT,59860,47.693897,-114.050385,,False,,,,
78147933,FOR_RENT,House for rent,,2800.0,1012.0,3.0,614800.0,608.0,2030.0,,,2.0,2.0,"107 Minnesota Ave, Whitefish, MT 59937",107 Minnesota Ave,Whitefish,MT,59937,48.41636,-114.344795,,False,,,,
74924870,FOR_RENT,House for rent,,4500.0,1750.0,3.0,722500.0,413.0,4091.0,,,5.0,2.0,"617 W Harrison St, Bozeman, MT 59715",617 W Harrison St,Bozeman,MT,59715,45.670345,-111.046196,,False,,,,
84159706,FOR_RENT,Apartment for rent,,1400.0,600.0,2.0,590500.0,984.0,1365.0,,,,1.0,"188 Wittlake Dr, Kalispell, MT 59901",188 Wittlake Dr,Kalispell,MT,59901,48.18109,-114.40728,,False,,,,
454639361,FOR_RENT,House for rent,,1695.0,700.0,2.0,311200.0,445.0,,,,1.0,1.0,"162 Bills Rd, Lakeside, MT 59922",162 Bills Rd,Lakeside,MT,59922,48.021736,-114.22875,,False,,,,
3137592,FOR_RENT,House for rent,,2000.0,1100.0,2.0,803000.0,730.0,2220.0,,,3.0,1.0,"201 Kensington Ave, Missoula, MT 59801",201 Kensington Ave,Missoula,MT,59801,46.853065,-114.00033,,False,,,,
2056960561,FOR_RENT,Apartment for rent,,1250.0,400.0,3.0,,,1049.0,,,,1.0,"1557 S 7th St W #BASEMENT, Missoula, MT 59801",1557 S 7th St W #BASEMENT,Missoula,MT,59801,46.8634,-114.01965,,False,,,,
64491991,FOR_RENT,House for rent,,1075.0,768.0,1.0,231200.0,301.0,1262.0,,,2.0,1.0,"805 8th Ave N, Great Falls, MT 59401",805 8th Ave N,Great Falls,MT,59401,47.51437,-111.29329,,False,,,,
351992979,FOR_RENT,Apartment for rent,,850.0,850.0,1.0,,,1048.0,,,1.0,1.0,"111 Tiger St #D, Saint Regis, MT 59866",111 Tiger St #D,Saint Regis,MT,59866,47.299595,-115.10042,,False,,,,
2057754470,FOR_RENT,Apartment for rent,,2600.0,1000.0,3.0,,,1847.0,,,2.0,1.0,"5550 Foster Ln #B, Belgrade, MT 59714",5550 Foster Ln #B,Belgrade,MT,59714,45.795216,-111.054596,,False,,,,
3174160,FOR_RENT,Apartment for rent,,1995.0,2252.0,1.0,351600.0,156.0,1851.0,,,2.0,1.0,"224 Lewis Ave, Billings, MT 59101",224 Lewis Ave,Billings,MT,59101,45.78082,-108.521645,,False,,,,
454582141,FOR_RENT,House for rent,,2800.0,2300.0,1.0,764100.0,332.0,,,,4.0,3.0,"220 Hog And Saw Farm Rd, Kalispell, MT 59901",220 Hog And Saw Farm Rd,Kalispell,MT,59901,48.139416,-114.20575,,False,,,,
78144971,FOR_RENT,House for rent,,2950.0,1700.0,2.0,499500.0,294.0,2299.0,,,3.0,2.0,"920 11th St W, Columbia Falls, MT 59912",920 11th St W,Columbia Falls,MT,59912,48.36862,-114.194,,False,,,,
241942038,FOR_RENT,House for rent,,3150.0,3000.0,1.0,725800.0,242.0,2918.0,,,4.0,4.0,"202 Nelson Dr, Rexford, MT 59930",202 Nelson Dr,Rexford,MT,59930,48.897522,-115.1772,,False,,,,
2086045735,FOR_RENT,Apartment for rent,,1475.0,850.0,2.0,,,2069.0,,,2.0,1.0,"125 Central Ave STE 2D, Bozeman, MT 59718",125 Central Ave STE 2D,Bozeman,MT,59718,45.664665,-111.18862,,False,,,,
62841547,FOR_RENT,House for rent,,2100.0,1800.0,1.0,282700.0,157.0,2117.0,,,3.0,2.0,"2204 5th Ave S, Great Falls, MT 59405",2204 5th Ave S,Great Falls,MT,59405,47.49933,-111.26905,,False,,,,
243048987,FOR_RENT,Townhouse for rent,,3500.0,1515.0,2.0,773300.0,510.0,2704.0,,,4.0,2.0,"1931 Suncrest Dr, Whitefish, MT 59937",1931 Suncrest Dr,Whitefish,MT,59937,48.440697,-114.34621,,False,,,,
449364283,FOR_RENT,Apartment for rent,,2900.0,1100.0,3.0,,,,,,2.0,2.0,"1602 Maple Ln #4C, Bozeman, MT 59715",1602 Maple Ln #4C,Bozeman,MT,59715,45.66368,-111.06069,,False,,,,
227187841,FOR_RENT,House for rent,,2800.0,3980.0,1.0,1269400.0,319.0,3528.0,,,4.0,3.0,"34179 Misty Lagoon, Polson, MT 59860",34179 Misty Lagoon,Polson,MT,59860,47.71508,-114.047165,,False,,,,
250364251,FOR_RENT,Apartment for rent,,1250.0,320.0,4.0,525100.0,1641.0,1196.0,,,1.0,1.0,"1935 Trail St, Missoula, MT 59801",1935 Trail St,Missoula,MT,59801,46.869247,-114.02765,,False,,,,
125622707,FOR_RENT,Apartment for rent,,2295.0,1488.0,2.0,693900.0,466.0,2261.0,,,3.0,2.0,"50400 Us Highway 93 #201, Polson, MT 59860",50400 Us Highway 93 #201,Polson,MT,59860,47.693684,-114.14355,,False,,,,
3164255,FOR_RENT,House for rent,,3050.0,2100.0,1.0,427900.0,204.0,2153.0,,,4.0,2.0,"2639 Terry Ave, Billings, MT 59102",2639 Terry Ave,Billings,MT,59102,45.775543,-108.583595,,False,,,,
212900011,FOR_RENT,House for rent,,4500.0,2600.0,2.0,958800.0,369.0,4278.0,,,4.0,3.0,"118 Gloria Ct, Bozeman, MT 59718",118 Gloria Ct,Bozeman,MT,59718,45.638733,-111.17687,,False,,,,
78155425,FOR_RENT,House for rent,,2000.0,1660.0,1.0,179800.0,108.0,1908.0,,,3.0,2.0,"625 11th St, Havre, MT 59501",625 11th St,Havre,MT,59501,48.54278,-109.674515,,False,,,,
243863027,FOR_RENT,House for rent,,6000.0,1830.0,3.0,706800.0,386.0,3219.0,,,3.0,3.0,"3488 S 22nd Ave, Bozeman, MT 59718",3488 S 22nd Ave,Bozeman,MT,59718,45.643093,-111.066246,,False,,,,
209633556,FOR_RENT,House for rent,,2695.0,1725.0,2.0,823100.0,477.0,2318.0,,,3.0,1.0,"901 S 4th St W, Missoula, MT 59801",901 S 4th St W,Missoula,MT,59801,46.865715,-114.00985,,False,,,,
78158849,FOR_RENT,House for rent,,2000.0,1012.0,2.0,352000.0,348.0,1913.0,,,2.0,1.0,"1008 2nd St E, Polson, MT 59860",1008 2nd St E,Polson,MT,59860,47.685825,-114.1607,,False,,,,
2068004805,FOR_RENT,Apartment for rent,,2000.0,1000.0,2.0,,,1681.0,,,2.0,2.0,"2400 Leo Ave #B, Missoula, MT 59808",2400 Leo Ave #B,Missoula,MT,59808,46.889736,-114.021866,,False,,,,
78161272,FOR_RENT,House for rent,,3325.0,1827.0,2.0,489700.0,268.0,2779.0,,,4.0,3.0,"909 Madison Ave, Helena, MT 59601",909 Madison Ave,Helena,MT,59601,46.596928,-112.04391,,False,,,,
74926733,FOR_RENT,House for rent,,3750.0,2100.0,2.0,659300.0,314.0,3560.0,,,3.0,2.0,"923 Woodland Dr, Bozeman, MT 59718",923 Woodland Dr,Bozeman,MT,59718,45.68933,-111.06702,,False,,,,
2104133394,FOR_RENT,Apartment for rent,,1300.0,1075.0,1.0,,,1103.0,,,2.0,1.0,"2119 8th Ave N APT 1, Billings, MT 59101",2119 8th Ave N APT 1,Billings,MT,59101,45.792297,-108.50375,,False,,,,
2056280391,FOR_RENT,Apartment for rent,,1250.0,320.0,4.0,,,1203.0,,,1.0,1.0,"119 S Ave W, Missoula, MT 59801",119 S Ave W,Missoula,MT,59801,46.84855,-113.99863,,False,,,,
212877161,FOR_RENT,Townhouse for rent,,5250.0,2142.0,2.0,831200.0,388.0,3627.0,,,3.0,3.0,"6239 Shiloh Ave, Whitefish, MT 59937",6239 Shiloh Ave,Whitefish,MT,59937,48.38726,-114.333176,,False,,,,
78147369,FOR_RENT,House for rent,,4000.0,2040.0,2.0,1364800.0,669.0,3655.0,,,3.0,3.0,"1932 Sun Crest Dr, Whitefish, MT 59937",1932 Sun Crest Dr,Whitefish,MT,59937,48.440952,-114.34538,,False,,,,
92066096,FOR_RENT,Townhouse for rent,,5000.0,1038.0,5.0,633100.0,610.0,2319.0,,,2.0,2.0,"2523 Maiden Star Ln, Bozeman, MT 59715",2523 Maiden Star Ln,Bozeman,MT,59715,45.70624,-111.01957,,False,,,,
212853180,FOR_RENT,House for rent,,3500.0,3400.0,1.0,921800.0,271.0,3495.0,,,5.0,2.0,"184 Slow Down Ln, Bigfork, MT 59911",184 Slow Down Ln,Bigfork,MT,59911,48.116116,-114.07487,,False,,,,
125623456,FOR_RENT,House for rent,,3000.0,2387.0,1.0,631500.0,265.0,3451.0,,,5.0,2.0,"415 Tracy Ann Dr, Belgrade, MT 59714",415 Tracy Ann Dr,Belgrade,MT,59714,45.809937,-111.231735,,False,,,,
78161783,FOR_RENT,House for rent,,1800.0,1000.0,2.0,474200.0,474.0,1706.0,,,2.0,1.0,"1114 Knight St, Helena, MT 59601",1114 Knight St,Helena,MT,59601,46.59907,-112.052734,,False,,,,
78173366,FOR_RENT,House for rent,,1575.0,1292.0,1.0,279100.0,216.0,1422.0,,,2.0,2.0,"316 Idaho Ave, Libby, MT 59923",316 Idaho Ave,Libby,MT,59923,48.393745,-115.55555,,False,,,,
116325290,FOR_RENT,House for rent,,3500.0,3100.0,1.0,1033700.0,333.0,3286.0,,,4.0,2.0,"67 Echo Chalet Trl, Bigfork, MT 59911",67 Echo Chalet Trl,Bigfork,MT,59911,48.116505,-114.043884,,False,,,,
2117364287,FOR_RENT,Apartment for rent,,945.0,300.0,3.0,,,1083.0,,,1.0,1.0,"2254 W Central Ave, Missoula, MT 59801",2254 W Central Ave,Missoula,MT,59801,46.850777,-114.033226,,False,,,,
203146624,FOR_RENT,Apartment for rent,,1200.0,,,,,1248.0,,,2.0,1.0,"1933 Belvedere Dr, Billings, MT 59102",1933 Belvedere Dr,Billings,MT,59102,45.782555,-108.56602,,False,,,,
74930295,FOR_RENT,House for rent,,3950.0,1080.0,4.0,569000.0,527.0,2581.0,,,1.0,1.0,"301 E Olive St, Bozeman, MT 59715",301 E Olive St,Bozeman,MT,59715,45.677753,-111.03258,,False,,,,
125621788,FOR_RENT,House for rent,,2800.0,4178.0,1.0,1365900.0,327.0,3488.0,67.78,acres,3.0,4.0,"7100 Black Lake Rd, Rexford, MT 59930",7100 Black Lake Rd,Rexford,MT,59930,48.881966,-115.18799,,False,,,,
3109932,FOR_RENT,House for rent,,1900.0,1294.0,1.0,346200.0,268.0,1980.0,,,4.0,2.0,"3310 7th Ave N, Great Falls, MT 59401",3310 7th Ave N,Great Falls,MT,59401,47.512447,-111.2495,,False,,,,
2082195569,FOR_RENT,Apartment for rent,,1300.0,1050.0,1.0,,,1307.0,,,2.0,2.0,"1609 Sand Ct APT 4, Great Falls, MT 59405",1609 Sand Ct APT 4,Great Falls,MT,59405,47.48768,-111.26144,,False,,,,
51609508,FOR_RENT,House for rent,,2300.0,2000.0,1.0,538000.0,269.0,2157.0,,,2.0,2.0,"1343 Bitterroot Dr, Billings, MT 59105",1343 Bitterroot Dr,Billings,MT,59105,45.82339,-108.4445,,False,,,,
2093269244,FOR_RENT,House for rent,,11980.0,2700.0,4.0,1243800.0,461.0,4079.0,,,4.0,3.0,"16700 Bridger Canyon Rd, Bozeman, MT 59715",16700 Bridger Canyon Rd,Bozeman,MT,59715,45.828568,-110.88285,,False,,,,
51608432,FOR_RENT,House for rent,,2350.0,1056.0,2.0,333600.0,316.0,1835.0,,,3.0,2.0,"2017 Concord Dr, Billings, MT 59102",2017 Concord Dr,Billings,MT,59102,45.769104,-108.5673,,False,,,,
92074046,FOR_RENT,House for rent,,1600.0,1054.0,2.0,491400.0,466.0,1591.0,,,3.0,1.0,"217 S Montana St, Butte, MT 59701",217 S Montana St,Butte,MT,59701,46.010365,-112.53964,,False,,,,
216400736,FOR_RENT,House for rent,,2750.0,1624.0,2.0,593200.0,365.0,2601.0,,,3.0,2.0,"6000 Greenfield Loop, Helena, MT 59602",6000 Greenfield Loop,Helena,MT,59602,46.674362,-112.05016,,False,,,,
74927347,FOR_RENT,House for rent,,6500.0,3302.0,2.0,994600.0,301.0,4676.0,,,4.0,4.0,"1006 Brentwood Ave, Bozeman, MT 59718",1006 Brentwood Ave,Bozeman,MT,59718,45.689934,-111.065346,,False,,,,
74929655,FOR_RENT,House for rent,,4500.0,1414.0,3.0,876100.0,620.0,3234.0,,,2.0,1.0,"22 W Lamme St, Bozeman, MT 59715",22 W Lamme St,Bozeman,MT,59715,45.681,-111.038315,,False,,,,
116359748,FOR_RENT,House for rent,,4950.0,2433.0,2.0,1232100.0,506.0,4324.0,,,4.0,3.0,"3029 River Lakes Dr, Whitefish, MT 59937",3029 River Lakes Dr,Whitefish,MT,59937,48.383663,-114.3207,,False,,,,
351232416,FOR_RENT,Apartment for rent,,850.0,800.0,1.0,,,1005.0,,,1.0,1.0,"609 Central Ave #38, Great Falls, MT 59401",609 Central Ave #38,Great Falls,MT,59401,47.50561,-111.296646,,False,,,,
2077575821,FOR_RENT,Apartment for rent,,1400.0,1050.0,1.0,,,1575.0,,,2.0,2.0,"4100 2nd Ave N, Great Falls, MT 59405",4100 2nd Ave N,Great Falls,MT,59405,47.50678,-111.23637,,False,,,,
92062078,FOR_RENT,House for rent,,2100.0,724.0,3.0,,,2047.0,,,1.0,1.0,"415 5th St W, Whitefish, MT 59937",415 5th St W,Whitefish,MT,59937,48.406704,-114.34322,,False,,,,
250233779,FOR_RENT,House for rent,,2495.0,1400.0,2.0,451400.0,322.0,2550.0,,,3.0,2.0,"7582 Grand Valley Loop, Helena, MT 59602",7582 Grand Valley Loop,Helena,MT,59602,46.70703,-112.027466,,False,,,,
2060514316,FOR_RENT,Apartment for rent,,1070.0,915.0,1.0,,,1380.0,,,2.0,1.0,"122 N Alabama St #122, Butte, MT 59701",122 N Alabama St #122,Butte,MT,59701,46.01351,-112.54752,,False,,,,
440902696,FOR_RENT,House for rent,,2650.0,1835.0,1.0,743000.0,405.0,,,,3.0,3.0,"618 Wild Swan Trl, Bigfork, MT 59911",618 Wild Swan Trl,Bigfork,MT,59911,48.062263,-113.95739,,False,,,,
3162385,FOR_RENT,Apartment for rent,,750.0,430.0,2.0,,,864.0,,,1.0,1.0,"4209 Arden Ave, Billings, MT 59101",4209 Arden Ave,Billings,MT,59101,45.766052,-108.52064,,False,,,,
92055707,FOR_RENT,Apartment for rent,,2600.0,1452.0,2.0,536000.0,369.0,2390.0,,,2.0,2.0,"6225 Shiloh Ave UNIT F, Whitefish, MT 59937",6225 Shiloh Ave UNIT F,Whitefish,MT,59937,48.386364,-114.33236,,False,,,,
2078165938,FOR_RENT,House for rent,,2800.0,2120.0,1.0,643900.0,304.0,2564.0,,,3.0,2.0,"163 Spreading Winge Ln, Fishtail, MT 59028",163 Spreading Winge Ln,Fishtail,MT,59028,45.453815,-109.76735,,False,,,,
348438499,FOR_RENT,Apartment for rent,,1500.0,1000.0,2.0,,,1113.0,,,1.0,1.0,"292 Canyon Creek Rd #2, Hamilton, MT 59840",292 Canyon Creek Rd #2,Hamilton,MT,59840,46.25043,-114.1965,,False,,,,
116353039,FOR_RENT,House for rent,,5900.0,2300.0,3.0,691900.0,301.0,4188.0,,,3.0,2.0,"15 Hilltop Ln, Anaconda, MT 59711",15 Hilltop Ln,Anaconda,MT,59711,46.170246,-113.28859,,False,,,,
3109037,FOR_RENT,House for rent,,2300.0,3304.0,1.0,392900.0,119.0,2313.0,,,4.0,3.0,"3022 1st Ave S, Great Falls, MT 59401",3022 1st Ave S,Great Falls,MT,59401,47.50364,-111.25424,,False,,,,
2061537236,FOR_RENT,Townhouse for rent,,3000.0,1800.0,2.0,578200.0,321.0,2812.0,,,2.0,2.0,"245 Blackberry Loop #A, Whitefish, MT 59937",245 Blackberry Loop #A,Whitefish,MT,59937,48.384594,-114.331505,,False,,,,
78137087,FOR_RENT,House for rent,,3600.0,1750.0,2.0,477500.0,273.0,2700.0,,,4.0,3.0,"18 Carnegie Dr, Kalispell, MT 59901",18 Carnegie Dr,Kalispell,MT,59901,48.213654,-114.349724,,False,,,,
446002214,FOR_RENT,House for rent,,4500.0,2020.0,2.0,1481000.0,733.0,,,,4.0,2.0,"547 W 9th St, Whitefish, MT 59937",547 W 9th St,Whitefish,MT,59937,48.402187,-114.34594,,False,,,,
2079788258,FOR_RENT,House for rent,,1395.0,1200.0,1.0,424700.0,354.0,1523.0,,,2.0,2.0,"5041 State Highway 41 N, Silver Star, MT 59751",5041 State Highway 41 N,Silver Star,MT,59751,45.682514,-112.290665,,False,,,,
92067569,FOR_RENT,House for rent,,1999.0,2000.0,1.0,660600.0,330.0,2147.0,,,2.0,2.0,"150 Claffey Dr, Polson, MT 59860",150 Claffey Dr,Polson,MT,59860,47.678417,-114.14574,,False,,,,
337455106,FOR_RENT,House for rent,,18000.0,4500.0,4.0,2883100.0,641.0,7061.0,,,5.0,5.0,"1961 Whitefish Village Dr, Whitefish, MT 59937",1961 Whitefish Village Dr,Whitefish,MT,59937,48.341213,-114.35635,,False,,,,
74924200,FOR_RENT,House for rent,,5000.0,2100.0,2.0,564300.0,269.0,4074.0,,,6.0,2.0,"407 S 10th Ave, Bozeman, MT 59715",407 S 10th Ave,Bozeman,MT,59715,45.67499,-111.051,,False,,,,
243021640,FOR_RENT,House for rent,,3400.0,3000.0,1.0,484300.0,161.0,3364.0,,,5.0,3.0,"2991 W Copper Ridge Loop, Billings, MT 59106",2991 W Copper Ridge Loop,Billings,MT,59106,45.801292,-108.691315,,False,,,,
455558968,FOR_RENT,Apartment for rent,,812.0,550.0,1.0,,,,,,1.0,1.0,"1128 Rangeview Dr, Hardin, MT 59034",1128 Rangeview Dr,Hardin,MT,59034,45.725872,-107.62654,,False,,,,
2066960936,FOR_RENT,Apartment for rent,,800.0,,,,,1562.0,,,,1.0,"110 1/2 E 6th Ave, Helena, MT 59601",110 1/2 E 6th Ave,Helena,MT,59601,46.588715,-112.03761,,False,,,,
455550308,FOR_RENT,Apartment for rent,,1600.0,,,,,,,,2.0,2.0,"21 Appleway Dr #7, Kalispell, MT 59901",21 Appleway Dr #7,Kalispell,MT,59901,48.196728,-114.332794,,False,,,,
248171642,FOR_RENT,Apartment for rent,,4950.0,1423.0,3.0,1043700.0,733.0,4782.0,,,1.0,2.0,"300 W Main St #D, Bozeman, MT 59715",300 W Main St #D,Bozeman,MT,59715,45.678745,-111.04177,,False,,,,
78158746,FOR_RENT,House for rent,,2800.0,2570.0,1.0,1152100.0,448.0,2368.0,,,4.0,2.0,"540 Shoreline Dr, Polson, MT 59860",540 Shoreline Dr,Polson,MT,59860,47.70096,-114.17909,,False,,,,
338447831,FOR_RENT,Apartment for rent,,1100.0,450.0,2.0,229200.0,509.0,1022.0,,,,1.0,"50300 Us Highway 93 #7, Polson, MT 59860",50300 Us Highway 93 #7,Polson,MT,59860,47.693592,-114.14274,,False,,,,
2062295729,FOR_RENT,Apartment for rent,,950.0,700.0,1.0,,,1291.0,,,1.0,1.0,"826.5 Avenue D, Billings, MT 59102",826.5 Avenue D,Billings,MT,59102,45.78755,-108.61094,,False,,,,
125798872,FOR_RENT,House for rent,,2370.0,1968.0,1.0,433000.0,220.0,2566.0,,,3.0,3.0,"1636 Hidden Cove Ln, Billings, MT 59101",1636 Hidden Cove Ln,Billings,MT,59101,45.739258,-108.54727,,False,,,,
78136769,FOR_RENT,House for rent,,3100.0,2452.0,1.0,555500.0,227.0,2956.0,,,4.0,3.0,"247 Rosewood Dr, Kalispell, MT 59901",247 Rosewood Dr,Kalispell,MT,59901,48.210865,-114.33217,,False,,,,
78139218,FOR_RENT,House for rent,,2600.0,2000.0,1.0,395100.0,198.0,2544.0,,,3.0,1.0,"706 3rd Ave W, Kalispell, MT 59901",706 3rd Ave W,Kalispell,MT,59901,48.19098,-114.31601,,False,,,,
455482942,FOR_RENT,Apartment for rent,,2000.0,1100.0,2.0,,,,,,3.0,2.0,"1677 State Highway 35 #B, Kalispell, MT 59901",1677 State Highway 35 #B,Kalispell,MT,59901,48.222713,-114.26138,,False,,,,
344579256,FOR_RENT,House for rent,,2450.0,1139.0,2.0,465200.0,408.0,,,,2.0,2.0,"3431 Goldenrod Ln, Kalispell, MT 59901",3431 Goldenrod Ln,Kalispell,MT,59901,48.275513,-114.326385,,False,,,,
2054692858,FOR_RENT,House for rent,,2500.0,1500.0,2.0,470400.0,314.0,2492.0,,,4.0,1.0,"1409 S 5th St W, Missoula, MT 59801",1409 S 5th St W,Missoula,MT,59801,46.864807,-114.01766,,False,,,,
2071511117,FOR_RENT,House for rent,,5800.0,3300.0,2.0,884700.0,268.0,3782.0,,,5.0,4.0,"2973 Rufenach Cir, Kalispell, MT 59901",2973 Rufenach Cir,Kalispell,MT,59901,48.285263,-114.29287,,False,,,,
227187980,FOR_RENT,Apartment for rent,,1650.0,1800.0,1.0,,,1271.0,,,2.0,1.0,"43561 C St, Dayton, MT 59914",43561 C St,Dayton,MT,59914,47.864017,-114.276436,,False,,,,
92062044,FOR_RENT,House for rent,,3000.0,1496.0,2.0,744500.0,498.0,2952.0,,,3.0,2.0,"140 E 4th St, Whitefish, MT 59937",140 E 4th St,Whitefish,MT,59937,48.40873,-114.34134,,False,,,,
78147890,FOR_RENT,House for rent,,12000.0,2500.0,5.0,1355900.0,542.0,4073.0,,,3.0,3.0,"30 Washington Ave, Whitefish, MT 59937",30 Washington Ave,Whitefish,MT,59937,48.41571,-114.351204,,False,,,,
74930347,FOR_RENT,House for rent,,3000.0,1100.0,3.0,552600.0,502.0,2918.0,,,3.0,1.0,"415 S Church Ave, Bozeman, MT 59715",415 S Church Ave,Bozeman,MT,59715,45.674427,-111.030716,,False,,,,
116364184,FOR_RENT,Apartment for rent,,1900.0,950.0,2.0,,,1963.0,,,2.0,1.0,"50 Boxwood Dr, Bozeman, MT 59718",50 Boxwood Dr,Bozeman,MT,59718,45.66271,-111.12299,,False,,,,
445929648,FOR_RENT,House for rent,,5000.0,2110.0,2.0,970600.0,460.0,,,,3.0,3.0,"2823 S 29th Ave, Bozeman, MT 59718",2823 S 29th Ave,Bozeman,MT,59718,45.652035,-111.07586,,False,,,,
116520250,FOR_RENT,House for rent,,2500.0,2300.0,1.0,567000.0,247.0,2625.0,,,3.0,3.0,"12 Chief Joseph Rd, Libby, MT 59923",12 Chief Joseph Rd,Libby,MT,59923,48.39181,-115.44355,,False,,,,
63215284,FOR_RENT,House for rent,,2195.0,2692.0,1.0,,,2172.0,,,3.0,3.0,"3121 New Hope Dr, Billings, MT 59102",3121 New Hope Dr,Billings,MT,59102,45.76415,-108.595085,,False,,,,
64649873,FOR_RENT,Apartment for rent,,2195.0,2700.0,1.0,,,2434.0,,,4.0,3.0,"3119 New Hope Dr, Billings, MT 59102",3119 New Hope Dr,Billings,MT,59102,45.76415,-108.59494,,False,,,,
3165173,FOR_RENT,House for rent,,2195.0,1750.0,1.0,347300.0,198.0,2125.0,,,4.0,2.0,"1233 Cook Ave, Billings, MT 59102",1233 Cook Ave,Billings,MT,59102,45.77234,-108.547806,,False,,,,
454591587,FOR_RENT,Apartment for rent,,1195.0,1086.0,1.0,,,,,,3.0,2.0,"3310 Winchell Ln, Billings, MT 59102",3310 Winchell Ln,Billings,MT,59102,45.776382,-108.59997,,False,,,,
439792737,FOR_RENT,Apartment for rent,,925.0,,,,,,,,2.0,1.0,"3407 1st Ave N #10, Billings, MT 59101",3407 1st Ave N #10,Billings,MT,59101,45.778507,-108.51358,,False,,,,
454936571,FOR_RENT,Apartment for rent,,1000.0,,,,,,,,2.0,1.0,"141 Calhoun Lane, 141 Calhoun Ln #306, Billings, MT 59101",141 Calhoun Ln #306,Billings,MT,59101,45.76645,-108.52829,,False,,,,
203169024,FOR_RENT,Apartment for rent,,995.0,,,,,1413.0,,,2.0,1.0,"191 Bohl Ave, Billings, MT 59105",191 Bohl Ave,Billings,MT,59105,45.827087,-108.49141,,False,,,,
2096156182,FOR_RENT,Apartment for rent,,1100.0,1350.0,1.0,,,1317.0,,,2.0,2.0,"640 Lake Elmo Dr, Billings, MT 59105",640 Lake Elmo Dr,Billings,MT,59105,45.810013,-108.4766,,False,,,,
2063397469,FOR_RENT,Apartment for rent,,695.0,800.0,1.0,,,785.0,,,1.0,1.0,"502 S 34th St #1, Billings, MT 59101",502 S 34th St #1,Billings,MT,59101,45.77237,-108.50728,,False,,,,
453602012,FOR_RENT,Townhouse for rent,,1495.0,1295.0,1.0,256700.0,198.0,,,,3.0,3.0,"339 Quaking Aspen Ln, Billings, MT 59105",339 Quaking Aspen Ln,Billings,MT,59105,45.81709,-108.477005,,False,,,,
2080326305,FOR_RENT,Apartment for rent,,995.0,,,,,1069.0,,,2.0,1.0,"1107 Alderson Ave #SEE, Billings, MT 59102",1107 Alderson Ave #SEE,Billings,MT,59102,45.78324,-108.54406,,False,,,,
455513977,FOR_RENT,Townhouse for rent,,1199.0,650.0,2.0,,,,,,1.0,1.0,"1450 Chanel Loop, Billings, MT 59101",1450 Chanel Loop,Billings,MT,59101,45.742855,-108.55514,,False,,,,
2062666095,FOR_RENT,Apartment for rent,,1175.0,650.0,2.0,,,850.0,,,1.0,1.0,"531 Pemberton Ln, Billings, MT 59105",531 Pemberton Ln,Billings,MT,59105,45.841423,-108.47207,,False,,,,
2056991544,FOR_RENT,Apartment for rent,,875.0,475.0,2.0,,,1105.0,,,,1.0,"201 South 26th Street, 201 S 26th St APT 2, Billings, MT 59101",201 S 26th St APT 2,Billings,MT,59101,45.77989,-108.49942,,False,,,,
454860907,FOR_RENT,Apartment for rent,,1140.0,,,,,,,,1.0,1.0,"23 Yellowstone Ave, 23 Yellowstone Ave #1, Billings, MT 59101",23 Yellowstone Ave #1,Billings,MT,59101,45.779285,-108.51672,,False,,,,
343676054,FOR_RENT,Apartment for rent,,900.0,790.0,1.0,,,928.0,,,2.0,1.0,"2022 Burnstead Dr, Billings, MT 59101",2022 Burnstead Dr,Billings,MT,59101,45.796467,-108.50491,,False,,,,
303741374,FOR_RENT,House for rent,,1395.0,1660.0,1.0,623400.0,376.0,1518.0,,,3.0,1.0,"1008 Saint Johns Ave, Billings, MT 59102",1008 Saint Johns Ave,Billings,MT,59102,45.770603,-108.541374,,False,,,,
3165750,FOR_RENT,Townhouse for rent,,1950.0,,,473600.0,,1966.0,,,3.0,2.0,"2419 Ash St, Billings, MT 59101",2419 Ash St,Billings,MT,59101,45.794617,-108.52314,,False,,,,
3164778,FOR_RENT,House for rent,,2300.0,2444.0,1.0,397700.0,163.0,2269.0,,,4.0,3.0,"1436 Avenue D, Billings, MT 59102",1436 Avenue D,Billings,MT,59102,45.786697,-108.5531,,False,,,,
3174880,FOR_RENT,House for rent,,2195.0,2004.0,1.0,309200.0,154.0,2203.0,,,3.0,2.0,"620 Broadwater Ave, Billings, MT 59101",620 Broadwater Ave,Billings,MT,59101,45.776844,-108.531586,,False,,,,
342249145,FOR_RENT,House for rent,,1480.0,,,271700.0,,1482.0,,,3.0,2.0,"4139 Arden Ave UNIT 2, Billings, MT 59101",4139 Arden Ave UNIT 2,Billings,MT,59101,45.765987,-108.51701,,False,,,,
2060576337,FOR_RENT,Apartment for rent,,799.0,409.0,2.0,,,760.0,,,1.0,1.0,"Acme Hotel, 107 N 28th St #14214684, Billings, MT 59101",107 N 28th St #14214684,Billings,MT,59101,45.782528,-108.50568,,False,,,,
453192683,FOR_RENT,Apartment for rent,,900.0,,,,,,,,2.0,1.0,"629 St. Johns, 629 Saint Johns Ave #629, Billings, MT 59101",629 Saint Johns Ave #629,Billings,MT,59101,45.771385,-108.532005,,False,,,,
3184612,FOR_RENT,House for rent,,1575.0,1400.0,1.0,480700.0,343.0,2049.0,,,3.0,2.0,"1204 Hawthorne Ln, Billings, MT 59105",1204 Hawthorne Ln,Billings,MT,59105,45.819843,-108.45601,,False,,,,
2108523160,FOR_RENT,Apartment for rent,,895.0,800.0,1.0,,,948.0,,,1.0,1.0,"216 1/2 N 22nd St, Billings, MT 59101",216 1/2 N 22nd St,Billings,MT,59101,45.78693,-108.499664,,False,,,,
3175360,FOR_RENT,House for rent,,2850.0,2987.0,1.0,445300.0,149.0,2864.0,,,4.0,3.0,"1924 Forest Park Dr, Billings, MT 59102",1924 Forest Park Dr,Billings,MT,59102,45.790154,-108.583466,,False,,,,
448397176,FOR_RENT,Apartment for rent,,700.0,564.0,1.0,,,,,,2.0,1.0,"1807-1821 Canary Ave #3909-3911, Billings, MT 59101",1807-1821 Canary Ave #3909-3911,Billings,MT,59101,45.829777,-108.38516,,False,,,,
3170190,FOR_RENT,House for rent,,2195.0,2600.0,1.0,408300.0,157.0,2260.0,,,4.0,3.0,"913 Rimrock Rd, Billings, MT 59102",913 Rimrock Rd,Billings,MT,59102,45.79884,-108.53913,,False,,,,
2097203062,FOR_RENT,Apartment for rent,,1200.0,,,,,1273.0,,,3.0,2.0,"RH106 - Winchell Lane, 3469' 3471 Winchell Ln, Billings, MT 59102",3469' 3471 Winchell Ln,Billings,MT,59102,45.775814,-108.602036,,False,,,,
3173939,FOR_RENT,House for rent,,2600.0,1816.0,1.0,313000.0,172.0,2196.0,,,3.0,1.0,"29 Burlington Ave, Billings, MT 59101",29 Burlington Ave,Billings,MT,59101,45.782368,-108.51698,,False,,,,
2083323015,FOR_RENT,Apartment for rent,,900.0,,,,,946.0,,,1.0,1.0,"143 Calhoun, 143 Calhoun Ln APT 203, Billings, MT 59101",143 Calhoun Ln APT 203,Billings,MT,59101,45.766518,-108.52878,,False,,,,
442795460,FOR_RENT,Apartment for rent,,750.0,700.0,1.0,,,,,,1.0,1.0,"440 Josephine Drive - 29, 440 Josephine Dr, Billings, MT 59105",440 Josephine Dr #1B-1BA-700SQFT,Billings,MT,59105,45.81693,-108.47407,,False,,,,
64697783,FOR_RENT,Apartment for rent,,2000.0,1700.0,1.0,,,1335.0,,,3.0,1.0,"5535 Lester Rd, Shepherd, MT 59079",5535 Lester Rd,Shepherd,MT,59079,45.904312,-108.34415,,False,,,,
303794275,FOR_RENT,House for rent,,2395.0,1500.0,2.0,447900.0,299.0,2426.0,,,3.0,2.0,"3048 Forbes Blvd, Billings, MT 59106",3048 Forbes Blvd,Billings,MT,59106,45.800854,-108.6937,,False,,,,
203144941,FOR_RENT,Townhouse for rent,,1050.0,,,857100.0,,1486.0,,,2.0,2.0,"1433 Wyoming Ave, Billings, MT 59102",1433 Wyoming Ave,Billings,MT,59102,45.778267,-108.552795,,False,,,,
3161436,FOR_RENT,House for rent,,1100.0,,,194800.0,,1093.0,,,2.0,1.0,"215 Jackson St, Billings, MT 59101",215 Jackson St,Billings,MT,59101,45.765675,-108.514656,,False,,,,
203182625,FOR_RENT,House for rent,,2000.0,,,367400.0,,1997.0,,,3.0,2.0,"7141-12 Mile Rd, Shepherd, MT 59079",7141-12 Mile Rd,Shepherd,MT,59079,45.92866,-108.383644,,False,,,,
455070014,FOR_RENT,Townhouse for rent,,1900.0,2106.0,1.0,365700.0,174.0,,,,4.0,3.0,"612 Claremont Rd #612, Billings, MT 59105",612 Claremont Rd #612,Billings,MT,59105,45.830967,-108.50266,,False,,,,
203140269,FOR_RENT,House for rent,,1295.0,1370.0,1.0,622900.0,455.0,1354.0,,,2.0,1.0,"4929 Hesper Rd, Billings, MT 59106",4929 Hesper Rd,Billings,MT,59106,45.741554,-108.6424,,False,,,,
203176389,FOR_RENT,Apartment for rent,,1295.0,,,,,1353.0,,,3.0,1.0,"838 Avenue C, Billings, MT 59102",838 Avenue C,Billings,MT,59102,45.785664,-108.538,,False,,,,
346585876,FOR_RENT,Apartment for rent,,1600.0,900.0,2.0,,,1500.0,,,2.0,1.0,"6047 Elysian Rd UNIT 201, Billings, MT 59101",6047 Elysian Rd UNIT 201,Billings,MT,59101,45.74105,-108.568474,,False,,,,
193354725,FOR_RENT,House for rent,,3795.0,3492.0,1.0,749900.0,215.0,3455.0,,,6.0,3.0,"37 Wildflower Cir, Park City, MT 59063",37 Wildflower Cir,Park City,MT,59063,45.618176,-108.85931,,False,,,,
2068729702,FOR_RENT,Townhouse for rent,,8500.0,2580.0,3.0,2202600.0,854.0,6455.0,,,3.0,3.0,"208 S 3rd Ave #A, Bozeman, MT 59715",208 S 3rd Ave #A,Bozeman,MT,59715,45.67691,-111.041115,,False,,,,
212923972,FOR_RENT,House for rent,,3600.0,1900.0,2.0,810000.0,426.0,3243.0,,,3.0,3.0,"3136 Foxtail St, Bozeman, MT 59718",3136 Foxtail St,Bozeman,MT,59718,45.71129,-111.07999,,False,,,,
2067064291,FOR_RENT,House for rent,,2600.0,1450.0,2.0,527300.0,364.0,2479.0,,,3.0,2.0,"56 Droulliard Ave, Bozeman, MT 59718",56 Droulliard Ave,Bozeman,MT,59718,45.680237,-111.07853,,False,,,,
74925581,FOR_RENT,House for rent,,2495.0,1500.0,2.0,595100.0,397.0,2885.0,,,3.0,2.0,"302 Treasure Ave, Bozeman, MT 59718",302 Treasure Ave,Bozeman,MT,59718,45.675945,-111.085495,,False,,,,
74927358,FOR_RENT,House for rent,,2900.0,1752.0,2.0,706000.0,403.0,3097.0,,,3.0,3.0,"2104 Maplewood St, Bozeman, MT 59718",2104 Maplewood St,Bozeman,MT,59718,45.692234,-111.064804,,False,,,,
349012908,FOR_RENT,Apartment for rent,,1750.0,500.0,4.0,,,2029.0,,,1.0,1.0,"416 W Olive St #B, Bozeman, MT 59715",416 W Olive St #B,Bozeman,MT,59715,45.676968,-111.04314,,False,,,,
454993706,FOR_RENT,Townhouse for rent,,2500.0,1400.0,2.0,488500.0,349.0,,,,3.0,2.0,"4045 Carbon St, Bozeman, MT 59718",4045 Carbon St,Bozeman,MT,59718,45.686504,-111.0922,,False,,,,
444538282,FOR_RENT,House for rent,,2100.0,950.0,2.0,521400.0,549.0,,,,2.0,1.0,"409 W Grant St, Bozeman, MT 59715",409 W Grant St,Bozeman,MT,59715,45.665424,-111.04293,,False,,,,
2067818233,FOR_RENT,Apartment for rent,,3400.0,2000.0,2.0,589800.0,295.0,3341.0,,,3.0,3.0,"1122 Amantha Ln #A, Bozeman, MT 59718",1122 Amantha Ln #A,Bozeman,MT,59718,45.691406,-111.111206,,False,,,,
128538739,FOR_RENT,Townhouse for rent,,2700.0,1716.0,2.0,526000.0,307.0,2888.0,,,3.0,3.0,"291 Ramshorn Peak Ln, Bozeman, MT 59718",291 Ramshorn Peak Ln,Bozeman,MT,59718,45.66807,-111.13071,,False,,,,
2087493145,FOR_RENT,Apartment for rent,,2200.0,950.0,2.0,,,1876.0,,,2.0,2.0,"4208 Benepe St APT B, Bozeman, MT 59718",4208 Benepe St APT B,Bozeman,MT,59718,45.682083,-111.09532,,False,,,,
2064222128,FOR_RENT,Apartment for rent,,1900.0,1000.0,2.0,,,1929.0,,,2.0,1.0,"103 S 8th Ave #5, Bozeman, MT 59715",103 S 8th Ave #5,Bozeman,MT,59715,45.67812,-111.04824,,False,,,,
2082754629,FOR_RENT,Apartment for rent,,1800.0,1037.0,2.0,,,2007.0,,,2.0,2.0,"230 Water Lily Dr APT 10, Bozeman, MT 59718",230 Water Lily Dr APT 10,Bozeman,MT,59718,45.676643,-111.10958,,False,,,,
2052863183,FOR_RENT,Apartment for rent,,2800.0,1452.0,2.0,,,2904.0,,,3.0,2.0,"3740 Equestrian Ln #A, Bozeman, MT 59718",3740 Equestrian Ln #A,Bozeman,MT,59718,45.70177,-111.08813,,False,,,,
248172189,FOR_RENT,House for rent,,3600.0,1961.0,2.0,670000.0,342.0,3371.0,,,2.0,3.0,"15 Macee Ln, Bozeman, MT 59718",15 Macee Ln,Bozeman,MT,59718,45.667854,-111.134384,,False,,,,
450137144,FOR_RENT,Apartment for rent,,1800.0,972.0,2.0,,,,,,2.0,1.0,"809 S 7th Ave #1/2, Bozeman, MT 59715",809 S 7th Ave #1/2,Bozeman,MT,59715,45.670837,-111.04691,,False,,,,
439919180,FOR_RENT,Apartment for rent,,1500.0,200.0,8.0,,,,,,,1.0,"1301 S Church Ave UNIT 3, Bozeman, MT 59715",1301 S Church Ave UNIT 3,Bozeman,MT,59715,45.666267,-111.0306,,False,,,,
455542797,FOR_RENT,Apartment for rent,,1350.0,,,,,,,,1.0,1.0,"1610 Lloyd Street - 502, 1610 Lloyd St, Bozeman, MT 59715",1610 Lloyd St #502,Bozeman,MT,59715,45.662785,-111.06198,,False,,,,
455540706,FOR_RENT,Apartment for rent,,2900.0,700.0,4.0,,,,,,2.0,1.0,"607 W Main St APT B, Bozeman, MT 59715",607 W Main St APT B,Bozeman,MT,59715,45.6796,-111.04534,,False,,,,
74924001,FOR_RENT,Apartment for rent,,1600.0,600.0,3.0,,,1844.0,,,1.0,1.0,"516 W Main St, Bozeman, MT 59715",516 W Main St,Bozeman,MT,59715,45.678986,-111.04463,,False,,,,
92063881,FOR_RENT,Apartment for rent,,1700.0,1022.0,2.0,375700.0,368.0,1867.0,,,2.0,2.0,"4645 Bembrick St UNIT 2C, Bozeman, MT 59718",4645 Bembrick St UNIT 2C,Bozeman,MT,59718,45.68467,-111.10313,,False,,,,
2083237099,FOR_RENT,Apartment for rent,,1900.0,1450.0,1.0,541400.0,373.0,2136.0,,,2.0,1.0,"1115 N 8th, 1115 N 8th Ave #B, Bozeman, MT 59715",1115 N 8th Ave #B,Bozeman,MT,59715,45.691227,-111.04831,,False,,,,
350798999,FOR_RENT,Apartment for rent,,1800.0,,,,,1655.0,,,2.0,1.0,"734 S 23rd Ave APT 3, Bozeman, MT 59718",734 S 23rd Ave APT 3,Bozeman,MT,59718,45.671738,-111.06716,,False,,,,
449618508,FOR_RENT,Apartment for rent,,3200.0,1584.0,2.0,,,,,,3.0,3.0,"3123 Warbler Way, 3123 Warbler Way #1A1D9878D, Bozeman, MT 59718",3123 Warbler Way #1A1D9878D,Bozeman,MT,59718,45.711403,-111.07709,,False,,,,
2089197782,FOR_RENT,House for rent,,2900.0,1523.0,2.0,,,3497.0,,,3.0,2.0,"412 W Hayes St APT B, Bozeman, MT 59715",412 W Hayes St APT B,Bozeman,MT,59715,45.66597,-111.04293,,False,,,,
74927246,FOR_RENT,House for rent,,3400.0,2631.0,1.0,916200.0,348.0,3819.0,,,4.0,3.0,"3106 Gardenbrook Ln, Bozeman, MT 59715",3106 Gardenbrook Ln,Bozeman,MT,59715,45.64814,-111.047585,,False,,,,
450715449,FOR_RENT,Apartment for rent,,2975.0,1474.0,2.0,431600.0,293.0,,,,3.0,3.0,"2935 Warbler Way UNIT C, Bozeman, MT 59718",2935 Warbler Way UNIT C,Bozeman,MT,59718,45.709007,-111.0758,,False,,,,
212923264,FOR_RENT,House for rent,,3999.0,2733.0,1.0,915700.0,335.0,4343.0,,,4.0,3.0,"268 Poplar Dr, Bozeman, MT 59718",268 Poplar Dr,Bozeman,MT,59718,45.725784,-111.1363,,False,,,,
303838795,FOR_RENT,House for rent,,2850.0,1662.0,2.0,638300.0,384.0,2927.0,,,3.0,3.0,"178 Goldcrest Ln, Bozeman, MT 59718",178 Goldcrest Ln,Bozeman,MT,59718,45.677235,-111.11823,,False,,,,
74927522,FOR_RENT,Apartment for rent,,2350.0,,,488500.0,,2612.0,,,3.0,3.0,"646 Westgate Ave APT C, Bozeman, MT 59718",646 Westgate Ave APT C,Bozeman,MT,59718,45.686714,-111.11872,,False,,,,
2094411295,FOR_RENT,House for rent,,1595.0,,,446000.0,,1862.0,,,2.0,1.0,"809 Silverbow Ave, Belgrade, MT 59714",809 Silverbow Ave,Belgrade,MT,59714,45.768623,-111.172165,,False,,,,
2093567941,FOR_RENT,Apartment for rent,,2600.0,,,,,2690.0,,,3.0,3.0,"63 Kimball Ave APT A, Bozeman, MT 59718",63 Kimball Ave APT A,Bozeman,MT,59718,45.67961,-111.0951,,False,,,,
212902287,FOR_RENT,House for rent,,2950.0,1608.0,2.0,624100.0,388.0,3022.0,,,3.0,2.0,"853 Jardine Ave, Bozeman, MT 59718",853 Jardine Ave,Bozeman,MT,59718,45.687695,-111.090004,,False,,,,
2084594473,FOR_RENT,Apartment for rent,,2400.0,,,,,2635.0,,,3.0,2.0,"5625 Saxon Way APT B, Bozeman, MT 59718",5625 Saxon Way APT B,Bozeman,MT,59718,45.69248,-111.11572,,False,,,,
116363499,FOR_RENT,House for rent,,2200.0,1188.0,2.0,401600.0,338.0,2239.0,,,3.0,2.0,"45 Michael Grove Ave, Bozeman, MT 59718",45 Michael Grove Ave,Bozeman,MT,59718,45.678974,-111.07746,,False,,,,
2064220844,FOR_RENT,Apartment for rent,,2850.0,1550.0,2.0,,,2733.0,,,3.0,3.0,"782 Rookery Lane, 782 Rookery Ln #D, Bozeman, MT 59718",782 Rookery Ln #D,Bozeman,MT,59718,45.68784,-111.10921,,False,,,,
2101542880,FOR_RENT,Apartment for rent,,2700.0,1524.0,2.0,,,2945.0,,,3.0,3.0,"4251 Cover St, Bozeman, MT 59718",4251 Cover St,Bozeman,MT,59718,45.68079,-111.09643,,False,,,,
74924199,FOR_RENT,House for rent,,4000.0,1900.0,2.0,704400.0,371.0,3297.0,,,3.0,2.0,"411 S 10th Ave, Bozeman, MT 59715",411 S 10th Ave,Bozeman,MT,59715,45.674843,-111.050995,,False,,,,
454608040,FOR_RENT,Townhouse for rent,,1875.0,1297.0,1.0,403900.0,311.0,,,,2.0,2.0,"524 N 22nd Ave, Bozeman, MT 59718",524 N 22nd Ave,Bozeman,MT,59718,45.685467,-111.06557,,False,,,,
454860920,FOR_RENT,Apartment for rent,,2100.0,930.0,2.0,,,,,,2.0,2.0,"877 & 879 Cottonwood Road, 877 & 879 Cottonwood Rd, Bozeman, MT 59718",877 & 879 Cottonwood Rd,Bozeman,MT,59718,45.69022,-111.10388,,False,,,,
97897457,FOR_RENT,House for rent,,2600.0,,,596800.0,,2809.0,,,3.0,2.0,"2713 Annie St, Bozeman, MT 59718",2713 Annie St,Bozeman,MT,59718,45.689323,-111.07363,,False,,,,
453598826,FOR_RENT,Townhouse for rent,,2300.0,1450.0,2.0,509600.0,351.0,,,,3.0,2.0,"2286 Gallatin Green Blvd APT B, Bozeman, MT 59718",2286 Gallatin Green Blvd APT B,Bozeman,MT,59718,45.701862,-111.09008,,False,,,,
212902653,FOR_RENT,House for rent,,3000.0,2106.0,1.0,673100.0,320.0,3140.0,,,4.0,2.0,"4634 Glenwood Dr, Bozeman, MT 59718",4634 Glenwood Dr,Bozeman,MT,59718,45.686836,-111.11644,,False,,,,
450092948,FOR_RENT,Apartment for rent,,4500.0,400.0,11.0,,,,,,,1.0,"Belgrade - Bozeman - Yellowstone Airport, 101 Abby St, Belgrade, MT 59714",101 Abby St #9372,Belgrade,MT,59714,45.757557,-111.18305,,False,,,,
74922351,FOR_RENT,House for rent,,2100.0,,,204200.0,,2063.0,,,3.0,2.0,"2741 Crab Tree St, Bozeman, MT 59718",2741 Crab Tree St,Bozeman,MT,59718,45.67796,-111.073906,,False,,,,
74933225,FOR_RENT,House for rent,,2350.0,1500.0,2.0,436900.0,291.0,2589.0,,,3.0,3.0,"2905 N 27th Ave APT 5, Bozeman, MT 59718",2905 N 27th Ave APT 5,Bozeman,MT,59718,45.70866,-111.07328,,False,,,,
116363917,FOR_RENT,House for rent,,2950.0,1700.0,2.0,464100.0,273.0,2997.0,,,4.0,3.0,"1605 W Koch St, Bozeman, MT 59715",1605 W Koch St,Bozeman,MT,59715,45.675438,-111.05875,,False,,,,
350351092,FOR_RENT,Apartment for rent,,1750.0,,,,,1735.0,,,2.0,1.0,"1204 W Babcock St APT A, Bozeman, MT 59715",1204 W Babcock St APT A,Bozeman,MT,59715,45.678192,-111.05336,,False,,,,
2093957013,FOR_RENT,House for rent,,2400.0,1200.0,2.0,543800.0,453.0,2398.0,,,3.0,3.0,"3335 Warbler Way UNIT D, Bozeman, MT 59718",3335 Warbler Way UNIT D,Bozeman,MT,59718,45.713932,-111.07734,,False,,,,
452669732,FOR_RENT,Apartment for rent,,2000.0,1089.0,2.0,,,,,,2.0,2.0,"417 North Ferguson Ave, 417 N Ferguson Ave APT C, Bozeman, MT 59718",417 N Ferguson Ave APT C,Bozeman,MT,59718,45.683903,-111.09412,,False,,,,
92064013,FOR_RENT,Apartment for rent,,1850.0,,,338400.0,,2022.0,,,2.0,2.0,"244 S Cottonwood Rd UNIT 203, Bozeman, MT 59718",244 S Cottonwood Rd UNIT 203,Bozeman,MT,59718,45.675823,-111.10338,,False,,,,
92065304,FOR_RENT,House for rent,,2650.0,1721.0,2.0,587900.0,342.0,2812.0,,,3.0,2.0,"1113 Las Campanas Dr, Belgrade, MT 59714",1113 Las Campanas Dr,Belgrade,MT,59714,45.764965,-111.16992,,False,,,,
92063869,FOR_RENT,Apartment for rent,,1775.0,,,368300.0,,1867.0,,,2.0,2.0,"4635 Bembrick St UNIT 2C, Bozeman, MT 59718",4635 Bembrick St UNIT 2C,Bozeman,MT,59718,45.68467,-111.10297,,False,,,,
450402105,FOR_RENT,Townhouse for rent,,2600.0,1987.0,1.0,490800.0,247.0,,,,2.0,3.0,"1001 Abigail Ln UNIT B, Bozeman, MT 59718",1001 Abigail Ln UNIT B,Bozeman,MT,59718,45.690155,-111.11077,,False,,,,
2065893451,FOR_RENT,Apartment for rent,,2550.0,,,,,2182.0,,,3.0,3.0,"4046 Sunstone, 4046 Sunstone St #D, Bozeman, MT 59718",4046 Sunstone St #D,Bozeman,MT,59718,45.687714,-111.09249,,False,,,,
2056056978,FOR_RENT,House for rent,,2100.0,888.0,2.0,389300.0,438.0,2192.0,,,3.0,2.0,"1439 W Babcock St UNIT 2, Bozeman, MT 59715",1439 W Babcock St UNIT 2,Bozeman,MT,59715,45.678722,-111.05709,,False,,,,
452986255,FOR_RENT,Apartment for rent,,1800.0,970.0,2.0,,,,,,2.0,2.0,"2222 Baxter- ASJS, 2222 Baxter Ln APT 5, Bozeman, MT 59718",2222 Baxter Ln APT 5,Bozeman,MT,59718,45.699295,-111.06862,,False,,,,
349021572,FOR_RENT,Apartment for rent,,1900.0,,,,,2058.0,,,2.0,2.0,"320 Michael Grove Ave UNIT A-D, Bozeman, MT 59718",320 Michael Grove Ave UNIT A-D,Bozeman,MT,59718,45.682888,-111.07614,,False,,,,
2095969954,FOR_RENT,House for rent,,2025.0,,,455900.0,,2277.0,,,2.0,2.0,"5653 Saxon Way APT H, Bozeman, MT 59718",5653 Saxon Way APT H,Bozeman,MT,59718,45.6925,-111.1162,,False,,,,
116363916,FOR_RENT,House for rent,,2375.0,960.0,2.0,404500.0,421.0,2149.0,,,3.0,3.0,"1603 W Koch St, Bozeman, MT 59715",1603 W Koch St,Bozeman,MT,59715,45.675438,-111.058716,,False,,,,
448462695,FOR_RENT,Apartment for rent,,5000.0,2155.0,2.0,,,,,,4.0,3.0,"402 S Yellowstone Ave #1, Bozeman, MT 59718",402 S Yellowstone Ave #1,Bozeman,MT,59718,45.67512,-111.08825,,False,,,,
448180347,FOR_RENT,House for rent,,4300.0,1875.0,2.0,654800.0,349.0,,,,3.0,3.0,"1533 Bora Way, Bozeman, MT 59718",1533 Bora Way,Bozeman,MT,59718,45.694016,-111.08228,,False,,,,
452368183,FOR_RENT,Apartment for rent,,3000.0,1340.0,2.0,,,,,,3.0,1.0,"1220C North 8th Avenue, 1220C N 8th Ave #TOP, Bozeman, MT 59715",1220C N 8th Ave #TOP,Bozeman,MT,59715,45.69271,-111.04753,,False,,,,
449891666,FOR_RENT,Apartment for rent,,1795.0,1118.0,2.0,,,,,,2.0,2.0,"5171 West Side Flats, 5171 Fallon St #303, Bozeman, MT 59718",5171 Fallon St #303,Bozeman,MT,59718,45.674854,-111.10932,,False,,,,
349631088,FOR_RENT,Apartment for rent,,1400.0,,,,,1424.0,,,2.0,1.0,"902 Montana St #1-4, Belgrade, MT 59714",902 Montana St #1-4,Belgrade,MT,59714,45.768475,-111.17601,,False,,,,
448730449,FOR_RENT,Apartment for rent,,2500.0,1328.0,2.0,,,,,,3.0,2.0,"1112 Longbow Ln 3-BLDG 3B, Bozeman, MT 59718",1112 Longbow Ln 3-BLDG 3B,Bozeman,MT,59718,45.691807,-111.116,,False,,,,
2057312173,FOR_RENT,Apartment for rent,,2095.0,,,,,2154.0,,,2.0,2.0,"1308 W Babcock St UNIT B, Bozeman, MT 59715",1308 W Babcock St UNIT B,Bozeman,MT,59715,45.67808,-111.05497,,False,,,,
128538472,FOR_RENT,Townhouse for rent,,2400.0,1396.0,2.0,443800.0,318.0,,,,3.0,3.0,"427 Michael Grove Ave APT 9, Bozeman, MT 59718",427 Michael Grove Ave APT 9,Bozeman,MT,59718,45.68393,-111.07669,,False,,,,
351083356,FOR_RENT,Apartment for rent,,3000.0,1800.0,2.0,,,3266.0,,,3.0,3.0,"4493 W Babcock St UNIT A, Bozeman, MT 59718",4493 W Babcock St UNIT A,Bozeman,MT,59718,45.67886,-111.1004,,False,,,,
455422767,FOR_RENT,Townhouse for rent,,2200.0,,,,,,,,3.0,3.0,"811 Mantle Dr #B, Belgrade, MT 59714",811 Mantle Dr #B,Belgrade,MT,59714,45.793343,-111.18445,,False,,,,
2112878738,FOR_RENT,Apartment for rent,,1600.0,747.0,2.0,,,1579.0,,,2.0,1.0,"215 S 18th Ave APT 1, Bozeman, MT 59715",215 S 18th Ave APT 1,Bozeman,MT,59715,45.676746,-111.06208,,False,,,,
74921759,FOR_RENT,House for rent,,4000.0,1452.0,3.0,732900.0,505.0,2603.0,,,2.0,1.0,"2518 W Babcock St, Bozeman, MT 59718",2518 W Babcock St,Bozeman,MT,59718,45.67806,-111.071304,,False,,,,
455351870,FOR_RENT,Apartment for rent,,1800.0,650.0,3.0,,,,,,2.0,1.0,"703 E. Lamme, 703 E Lamme St APT 2, Bozeman, MT 59715",703 E Lamme St APT 2,Bozeman,MT,59715,45.6817,-111.026146,,False,,,,
116365479,FOR_RENT,House for rent,,1850.0,943.0,2.0,744400.0,789.0,1900.0,,,2.0,1.0,"208 N Hoffman St, Belgrade, MT 59714",208 N Hoffman St,Belgrade,MT,59714,45.78056,-111.177864,,False,,,,
74932657,FOR_RENT,Apartment for rent,,2250.0,1488.0,2.0,371900.0,250.0,2303.0,,,3.0,3.0,"42 E Magnolia Dr, Belgrade, MT 59714",42 E Magnolia Dr,Belgrade,MT,59714,45.778675,-111.22071,,False,,,,
2096742851,FOR_RENT,House for rent,,2200.0,1200.0,2.0,,,2640.0,,,3.0,3.0,"941 Saxon Way APT B, Bozeman, MT 59718",941 Saxon Way APT B,Bozeman,MT,59718,45.690014,-111.11905,,False,,,,
74924576,FOR_RENT,Apartment for rent,,2000.0,,,388200.0,,1869.0,,,2.0,2.0,"4281 W Babcock St APT 2, Bozeman, MT 59718",4281 W Babcock St APT 2,Bozeman,MT,59718,45.67844,-111.09624,,False,,,,
92066040,FOR_RENT,House for rent,,4995.0,2188.0,2.0,1006900.0,460.0,3692.0,,,3.0,3.0,"235 Turtle Way, Bozeman, MT 59715",235 Turtle Way,Bozeman,MT,59715,45.706387,-111.04014,,False,,,,
212918820,FOR_RENT,Townhouse for rent,,2400.0,1500.0,2.0,366200.0,244.0,2314.0,,,3.0,3.0,"43 E Magnolia Dr, Belgrade, MT 59714",43 E Magnolia Dr,Belgrade,MT,59714,45.77895,-111.22068,,False,,,,
74927301,FOR_RENT,Apartment for rent,,1540.0,,,,,1062.0,,,1.0,1.0,"712 N 22nd Ave, Bozeman, MT 59718",712 N 22nd Ave,Bozeman,MT,59718,45.68707,-111.06516,,False,,,,
2053629578,FOR_RENT,House for rent,,2895.0,1450.0,2.0,582200.0,402.0,2732.0,,,3.0,4.0,"909 N 17th Ave UNIT D, Bozeman, MT 59715",909 N 17th Ave UNIT D,Bozeman,MT,59715,45.68936,-111.0599,,False,,,,
454895111,FOR_RENT,House for rent,,2900.0,2038.0,1.0,720700.0,354.0,,,,3.0,3.0,"16889 Frontage Rd UNIT 3, Belgrade, MT 59714",16889 Frontage Rd UNIT 3,Belgrade,MT,59714,45.804764,-111.23197,,False,,,,
125623467,FOR_RENT,Apartment for rent,,2095.0,,,256700.0,,1818.0,,,2.0,1.0,"11 W Main St STE 217, Belgrade, MT 59714",11 W Main St STE 217,Belgrade,MT,59714,45.77657,-111.17727,,False,,,,
74932156,FOR_RENT,Apartment for rent,,1697.0,880.0,2.0,,,1737.0,,,2.0,1.0,"Redstone Group - 319 8th St, 319 8th St APT 3, Belgrade, MT 59714",319 8th St APT 3,Belgrade,MT,59714,45.787224,-111.186035,,False,,,,
74925725,FOR_RENT,House for rent,,2700.0,,,522300.0,,2501.0,,,3.0,2.0,"4050 W Babcock St APT 52, Bozeman, MT 59718",4050 W Babcock St APT 52,Bozeman,MT,59718,45.678253,-111.091446,,False,,,,
455073770,FOR_RENT,House for rent,,2150.0,,,375600.0,,,,,,1.0,"100 W Missoula Ave #2, Belgrade, MT 59714",100 W Missoula Ave #2,Belgrade,MT,59714,45.774235,-111.181656,,False,,,,
116318530,FOR_RENT,House for rent,,5000.0,,,1328400.0,,3771.0,,,4.0,3.0,"669 Bluegrass Dr, Belgrade, MT 59714",669 Bluegrass Dr,Belgrade,MT,59714,45.746593,-111.178055,,False,,,,
2056567061,FOR_RENT,Apartment for rent,,2500.0,2080.0,1.0,,,1693.0,,,2.0,2.0,"160 Mactavish, 160 Mactavish Ln UNIT B, Belgrade, MT 59714",160 Mactavish Ln UNIT B,Belgrade,MT,59714,45.78989,-111.22247,,False,,,,
402142782,FOR_RENT,Townhouse for rent,,2400.0,1448.0,2.0,440800.0,304.0,,,,3.0,3.0,"1111 Biehl Dr UNIT A, Belgrade, MT 59714",1111 Biehl Dr UNIT A,Belgrade,MT,59714,45.78595,-111.19434,,False,,,,
454943463,FOR_RENT,Townhouse for rent,,3200.0,2060.0,2.0,568500.0,276.0,,,,4.0,3.0,"506 Lacey Ln UNIT A, Belgrade, MT 59714",506 Lacey Ln UNIT A,Belgrade,MT,59714,45.7544,-111.168785,,False,,,,
409949704,FOR_RENT,Apartment for rent,,1990.0,1200.0,2.0,,,,,,3.0,2.0,"59 N 25th Ave, 59 N 25th Ave #25, Bozeman, MT 59718",59 N 25th Ave #25,Bozeman,MT,59718,45.680153,-111.07115,,False,,,,
2053176448,FOR_RENT,House for rent,,2700.0,1572.0,2.0,697000.0,443.0,2866.0,,,3.0,3.0,"1150 E Baxter Ln #A, Bozeman, MT 59715",1150 E Baxter Ln #A,Bozeman,MT,59715,45.699913,-111.184074,,False,,,,
303837931,FOR_RENT,Apartment for rent,,2500.0,,,,,2769.0,,,3.0,3.0,"1300 Westwood Cir, Belgrade, MT 59714",1300 Westwood Cir,Belgrade,MT,59714,45.797062,-111.18984,,False,,,,
454880369,FOR_RENT,Apartment for rent,,2200.0,860.0,3.0,,,,,,2.0,1.0,"701 N Rouse Ave UNIT 4, Bozeman, MT 59715",701 N Rouse Ave UNIT 4,Bozeman,MT,59715,45.686787,-111.032,,False,,,,
352431358,FOR_RENT,Townhouse for rent,,2300.0,,,,,3066.0,,,3.0,3.0,"3080 Catkin Ln APT B, Bozeman, MT 59718",3080 Catkin Ln APT B,Bozeman,MT,59718,45.708534,-111.080055,,False,,,,
92064579,FOR_RENT,Apartment for rent,,1700.0,,,352700.0,,2118.0,,,2.0,2.0,"2220 Baxter Ln APT 9, Bozeman, MT 59718",2220 Baxter Ln APT 9,Bozeman,MT,59718,45.70002,-111.13988,,False,,,,
454219327,FOR_RENT,House for rent,,2900.0,,,464200.0,,,,,3.0,3.0,"221 Pioneer Dr UNIT 35, Bozeman, MT 59715",221 Pioneer Dr UNIT 35,Bozeman,MT,59715,45.677326,-111.055916,,False,,,,
345371251,FOR_RENT,Apartment for rent,,2700.0,1753.0,2.0,567100.0,324.0,3119.0,,,3.0,3.0,"2954 W Babcock St UNIT B, Bozeman, MT 59718",2954 W Babcock St UNIT B,Bozeman,MT,59718,45.678265,-111.08014,,False,,,,
450288538,FOR_RENT,Apartment for rent,,2700.0,1533.0,2.0,,,,,,3.0,3.0,"2853 Fen Way #A, Bozeman, MT 59718",2853 Fen Way #A,Bozeman,MT,59718,45.70903,-111.082115,,False,,,,
250168675,FOR_RENT,Apartment for rent,,2650.0,1642.0,2.0,575000.0,350.0,3059.0,,,3.0,3.0,"2722 Cobblestone Pl UNIT B, Bozeman, MT 59718",2722 Cobblestone Pl UNIT B,Bozeman,MT,59718,45.694218,-111.0729,,False,,,,
455487101,FOR_RENT,Apartment for rent,,1400.0,,,,,,,,2.0,1.0,"419 N 20th Ave UNIT S, Bozeman, MT 59718",419 N 20th Ave UNIT S,Bozeman,MT,59718,45.684414,-111.06365,,False,,,,
455486886,FOR_RENT,Apartment for rent,,2350.0,1000.0,2.0,,,,,,2.0,2.0,"1410 W Babcock - Units A - D, 1410 W Babcock St #A, Bozeman, MT 59715",1410 W Babcock St #A,Bozeman,MT,59715,45.678185,-111.05629,,False,,,,
455255468,FOR_RENT,Apartment for rent,,2250.0,1041.0,2.0,,,,,,2.0,2.0,"1704 Lincoln St #3C, Bozeman, MT 59715",1704 Lincoln St #3C,Bozeman,MT,59715,45.66379,-111.06092,,False,,,,
455313613,FOR_RENT,Apartment for rent,,1450.0,,,,,,,,1.0,1.0,"1606 South 19th Avenue - 103, 1606 S 19th Ave, Bozeman, MT 59718",1606 S 19th Ave #103,Bozeman,MT,59718,45.662693,-111.06257,,False,,,,
74928294,FOR_RENT,Townhouse for rent,,1650.0,,,981800.0,,1888.0,,,2.0,1.0,"927 S Black Ave, Bozeman, MT 59715",927 S Black Ave,Bozeman,MT,59715,45.669132,-111.035774,,False,,,,
352603863,FOR_RENT,Apartment for rent,,1850.0,,,,,1063.0,,,1.0,1.0,"West College Plex, 11 W College St UNIT 7, Bozeman, MT 59715",11 W College St UNIT 7,Bozeman,MT,59715,45.67137,-111.03768,,False,,,,
399150055,FOR_RENT,Townhouse for rent,,2600.0,1347.0,2.0,557300.0,414.0,3022.0,,,3.0,2.0,"115 W Grant St #2, Bozeman, MT 59715",115 W Grant St #2,Bozeman,MT,59715,45.66543,-111.039604,,False,,,,
455487015,FOR_RENT,House for rent,,2800.0,1115.0,3.0,,,,,,3.0,1.0,"319 S 9th Ave, Bozeman, MT 59715",319 S 9th Ave,Bozeman,MT,59715,45.675846,-111.04959,,False,,,,
453445296,FOR_RENT,House for rent,,2750.0,1527.0,2.0,529200.0,347.0,,,,3.0,3.0,"337 Magdalene Way APT A, Bozeman, MT 59718",337 Magdalene Way APT A,Bozeman,MT,59718,45.674866,-111.078445,,False,,,,
2109260972,FOR_RENT,Apartment for rent,,2000.0,,,,,2442.0,,,3.0,2.0,"2902WVIL, 2902 W Villard St APT D, Bozeman, MT 59718",2902 W Villard St APT D,Bozeman,MT,59718,45.683456,-111.07607,,False,,,,
125624263,FOR_RENT,House for rent,,2550.0,1339.0,2.0,520700.0,389.0,2343.0,,,2.0,2.0,"3302 Laredo Dr, Bozeman, MT 59718",3302 Laredo Dr,Bozeman,MT,59718,45.67384,-111.0837,,False,,,,
2067123564,FOR_RENT,Apartment for rent,,2550.0,,,,,2442.0,,,3.0,2.0,"59 & 63 Droulliard Ave, Bozeman, MT 59718",59 & 63 Droulliard Ave,Bozeman,MT,59718,45.68113,-111.07851,,False,,,,
2083861481,FOR_RENT,House for rent,,1795.0,724.0,2.0,305400.0,422.0,1588.0,,,1.0,1.0,"311 Michael Grove Ave APT F, Bozeman, MT 59718",311 Michael Grove Ave APT F,Bozeman,MT,59718,45.68229,-111.07735,,False,,,,
454258364,FOR_RENT,Apartment for rent,,1850.0,950.0,2.0,,,,,,3.0,1.0,"210 S 18th, 210 S 18th Ave #B, Bozeman, MT 59715",210 S 18th Ave #B,Bozeman,MT,59715,45.677013,-111.061325,,False,,,,
454219376,FOR_RENT,Apartment for rent,,2200.0,650.0,3.0,,,,,,1.0,1.0,"1422 S Willson, 1422 S Willson Ave #A, Bozeman, MT 59715",1422 S Willson Ave #A,Bozeman,MT,59715,45.66441,-111.03844,,False,,,,
2094188600,FOR_RENT,Apartment for rent,,1775.0,1100.0,2.0,,,1933.0,,,2.0,2.0,"1126 N 15th Ave UNIT 201-208, Bozeman, MT 59715",1126 N 15th Ave UNIT 201-208,Bozeman,MT,59715,45.690746,-111.055916,,False,,,,
2081615898,FOR_RENT,Apartment for rent,,2250.0,1300.0,2.0,,,2283.0,,,2.0,3.0,"3380 Davis Lane, 3380 Davis Ln APT B, Bozeman, MT 59718",3380 Davis Ln APT B,Bozeman,MT,59718,45.706665,-111.080734,,False,,,,
2086340629,FOR_RENT,Apartment for rent,,1850.0,1080.0,2.0,,,1868.0,,,2.0,2.0,"4845 Golden Gate Ave, 4845 Golden Gate Ave APT A, Bozeman, MT 59718",4845 Golden Gate Ave APT A,Bozeman,MT,59718,45.668602,-111.10589,,False,,,,
74929918,FOR_RENT,House for rent,,2750.0,1135.0,2.0,634800.0,559.0,2908.0,,,2.0,2.0,"528 N Black Ave, Bozeman, MT 59715",528 N Black Ave,Bozeman,MT,59715,45.685024,-111.035515,,False,,,,
455297703,FOR_RENT,House for rent,,1350.0,,,,,,,,1.0,1.0,"1222 S 6th Ave UNIT B, Bozeman, MT 59715",1222 S 6th Ave UNIT B,Bozeman,MT,59715,45.666336,-111.04494,,False,,,,
455212791,FOR_RENT,Apartment for rent,,1850.0,,,,,,,,2.0,1.0,"3304 West Babcock Street - Mobile, 3304 W Babcock St, Bozeman, MT 59718",3304 W Babcock St,Bozeman,MT,59718,45.677864,-111.08154,,False,,,,
248171688,FOR_RENT,House for rent,,4000.0,2294.0,2.0,712900.0,311.0,3867.0,,,4.0,4.0,"3068 Cattail St, Bozeman, MT 59718",3068 Cattail St,Bozeman,MT,59718,45.707718,-111.07969,,False,,,,
454860809,FOR_RENT,Apartment for rent,,2900.0,,,,,,,,2.0,2.0,"619 W Harrison, 619 W Harrison St #619, Bozeman, MT 59715",619 W Harrison St #619,Bozeman,MT,59715,45.67035,-111.046364,,False,,,,
454860940,FOR_RENT,House for rent,,2950.0,2400.0,1.0,583600.0,243.0,,,,4.0,3.0,"108 N Kennedy St UNIT A, Belgrade, MT 59714",108 N Kennedy St UNIT A,Belgrade,MT,59714,45.777092,-111.17394,,False,,,,
2076790455,FOR_RENT,House for rent,,2700.0,1560.0,2.0,465700.0,299.0,2515.0,,,3.0,3.0,"2944 Warbler Way APT A, Bozeman, MT 59718",2944 Warbler Way APT A,Bozeman,MT,59718,45.709106,-111.0763,,False,,,,
74931352,FOR_RENT,Apartment for rent,,1875.0,1123.0,2.0,,,1791.0,,,2.0,2.0,"909 Jeanette Pl APT 3, Belgrade, MT 59714",909 Jeanette Pl APT 3,Belgrade,MT,59714,45.767307,-111.17567,,False,,,,
454258357,FOR_RENT,Apartment for rent,,1900.0,,,,,,,,3.0,1.0,"402-408 W Shore, 402-408 W Shore Dr #406, Belgrade, MT 59714",402-408 W Shore Dr #406,Belgrade,MT,59714,45.77688,-111.22546,,False,,,,
74932146,FOR_RENT,House for rent,,2950.0,1376.0,2.0,517300.0,376.0,2789.0,,,3.0,3.0,"107 10th St, Belgrade, MT 59714",107 10th St,Belgrade,MT,59714,45.785725,-111.19111,,False,,,,
453566754,FOR_RENT,House for rent,,4000.0,,,538000.0,,,,,5.0,3.0,"1001 E Missoula Ave, Belgrade, MT 59714",1001 E Missoula Ave,Belgrade,MT,59714,45.76814,-111.16859,,False,,,,
2057001529,FOR_RENT,Apartment for rent,,2150.0,1500.0,1.0,,,2286.0,,,3.0,3.0,"611 13th St, 611 13th St UNIT B, Belgrade, MT 59714",611 13th St UNIT B,Belgrade,MT,59714,45.79282,-111.19561,,False,,,,
212921065,FOR_RENT,Apartment for rent,,4200.0,,,,,3732.0,,,5.0,3.0,"6600 Springhill Rd, Belgrade, MT 59714",6600 Springhill Rd,Belgrade,MT,59714,45.784317,-111.08065,,False,,,,
331263057,FOR_RENT,House for rent,,2800.0,1717.0,2.0,537800.0,313.0,2795.0,,,3.0,3.0,"4830 Flanders Way UNIT B, Bozeman, MT 59718",4830 Flanders Way UNIT B,Bozeman,MT,59718,45.691647,-111.10569,,False,,,,
2102608154,FOR_RENT,House for rent,,1500.0,1000.0,2.0,585100.0,585.0,2879.0,,,3.0,1.0,"5 Cloninger Ln APT A, Bozeman, MT 59718",5 Cloninger Ln APT A,Bozeman,MT,59718,45.73106,-111.1181,,False,,,,
2079623240,FOR_RENT,Apartment for rent,,2250.0,1400.0,2.0,,,2094.0,,,3.0,2.0,"1010 Cruiser Ln APT K, Belgrade, MT 59714",1010 Cruiser Ln APT K,Belgrade,MT,59714,45.79495,-111.18366,,False,,,,
116364156,FOR_RENT,House for rent,,3500.0,3011.0,1.0,897300.0,298.0,4185.0,,,5.0,3.0,"4873 Triumph St, Bozeman, MT 59718",4873 Triumph St,Bozeman,MT,59718,45.66781,-111.10815,,False,,,,
92064529,FOR_RENT,House for rent,,2450.0,1619.0,2.0,473100.0,292.0,2495.0,,,3.0,3.0,"36 Talon Way UNIT B, Bozeman, MT 59718",36 Talon Way UNIT B,Bozeman,MT,59718,45.664684,-111.12717,,False,,,,
74931978,FOR_RENT,House for rent,,2500.0,2184.0,1.0,580600.0,266.0,3019.0,,,4.0,2.0,"400 N Kennedy St, Belgrade, MT 59714",400 N Kennedy St,Belgrade,MT,59714,45.779728,-111.17112,,False,,,,
250364520,FOR_RENT,House for rent,,3000.0,1502.0,2.0,527900.0,351.0,2797.0,,,3.0,2.0,"1525 Dickens St, Missoula, MT 59802",1525 Dickens St,Missoula,MT,59802,46.886463,-114.00356,,False,,,,
2057932024,FOR_RENT,Apartment for rent,,1800.0,1000.0,2.0,,,1361.0,,,3.0,1.0,"215 Mockingbird Hl #215, Hamilton, MT 59840",215 Mockingbird Hl #215,Hamilton,MT,59840,46.25504,-114.13577,,False,,,,
455411437,FOR_RENT,House for rent,,1300.0,938.0,1.0,,,,,,2.0,2.0,"246 Hannaford Ave N, Florence, MT 59833",246 Hannaford Ave N,Florence,MT,59833,46.63058,-114.0838,,False,,,,
2095801416,FOR_RENT,Townhouse for rent,,2700.0,850.0,3.0,326800.0,384.0,1704.0,,,2.0,1.0,"1269 S 1st St W UNIT A, Missoula, MT 59801",1269 S 1st St W UNIT A,Missoula,MT,59801,46.868877,-114.01525,,False,,,,
61503144,FOR_RENT,House for rent,,2800.0,1012.0,3.0,456000.0,451.0,2037.0,,,3.0,2.0,"103 S Davis St, Missoula, MT 59801",103 S Davis St,Missoula,MT,59801,46.870033,-114.03715,,False,,,,
2067523835,FOR_RENT,Apartment for rent,,1400.0,1000.0,1.0,,,1221.0,,,2.0,1.0,"219 Mockingbird Hl, Hamilton, MT 59840",219 Mockingbird Hl,Hamilton,MT,59840,46.25511,-114.13527,,False,,,,
2059026123,FOR_RENT,Apartment for rent,,1595.0,2054.0,1.0,,,2408.0,,,3.0,3.0,"647 N Ewing St #647, Helena, MT 59601",647 N Ewing St #647,Helena,MT,59601,46.591976,-112.03079,,False,,,,
2061722413,FOR_RENT,Apartment for rent,,1275.0,800.0,2.0,,,1503.0,,,2.0,1.0,"1800 Phillips St, Missoula, MT 59802",1800 Phillips St,Missoula,MT,59802,46.881298,-114.01718,,False,,,,
2079457477,FOR_RENT,Apartment for rent,,975.0,,,,,965.0,,,1.0,1.0,"5405 Highway 93 S #A, Florence, MT 59833",5405 Highway 93 S #A,Florence,MT,59833,46.73011,-114.06754,,False,,,,
2060207207,FOR_RENT,Apartment for rent,,1795.0,734.0,2.0,,,1625.0,,,2.0,1.0,"1301 Ronan St #201, Missoula, MT 59801",1301 Ronan St #201,Missoula,MT,59801,46.858814,-114.019,,False,,,,
3127330,FOR_RENT,House for rent,,2575.0,1100.0,2.0,528700.0,481.0,2397.0,,,2.0,1.0,"1519 Sherwood St, Missoula, MT 59802",1519 Sherwood St,Missoula,MT,59802,46.879627,-114.01335,,False,,,,
439489250,FOR_RENT,Apartment for rent,,1250.0,,,,,,,,1.0,1.0,"1837 S 8th St W #A, Missoula, MT 59801",1837 S 8th St W #A,Missoula,MT,59801,46.862465,-114.025,,False,,,,
455337564,FOR_RENT,Apartment for rent,,950.0,,,,,,,,1.0,1.0,"1103 Cooper St #B, Missoula, MT 59802",1103 Cooper St #B,Missoula,MT,59802,46.878815,-114.00656,,False,,,,
2057627373,FOR_RENT,Apartment for rent,,1495.0,950.0,2.0,,,1539.0,,,3.0,1.0,"731 Palmer St #1-4, Missoula, MT 59802",731 Palmer St #1-4,Missoula,MT,59802,46.88679,-114.001205,,False,,,,
3127369,FOR_RENT,House for rent,,3500.0,2464.0,1.0,602600.0,245.0,2528.0,8015.04,sqft,4.0,2.0,"4217 Larkspur Dr, Missoula, MT 59803",4217 Larkspur Dr,Missoula,MT,59803,46.832817,-114.03188,,False,,,,
78184902,FOR_RENT,House for rent,,1475.0,1100.0,1.0,880000.0,800.0,1768.0,,,2.0,2.0,"387 Fairgrounds Rd, Hamilton, MT 59840",387 Fairgrounds Rd,Hamilton,MT,59840,46.255264,-114.13536,,False,,,,
452970979,FOR_RENT,Apartment for rent,,1300.0,843.0,2.0,,,,,,2.0,1.0,"1805 Wyoming St, Missoula, MT 59801",1805 Wyoming St,Missoula,MT,59801,46.87121,-114.024734,,False,,,,
455248843,FOR_RENT,Apartment for rent,,600.0,300.0,2.0,,,,,,1.0,1.0,"147 W Main St, Missoula, MT 59802",147 W Main St,Missoula,MT,59802,46.87142,-113.996124,,False,,,,
2060814376,FOR_RENT,Apartment for rent,,900.0,350.0,3.0,,,943.0,,,,1.0,"519 E Front St #1-7, Missoula, MT 59802",519 E Front St #1-7,Missoula,MT,59802,46.868683,-113.988556,,False,,,,
2089326684,FOR_RENT,Apartment for rent,,1200.0,,,,,1046.0,,,1.0,1.0,"232 Hastings Ave, Missoula, MT 59801",232 Hastings Ave,Missoula,MT,59801,46.855316,-113.99454,,False,,,,
78185149,FOR_RENT,House for rent,,1900.0,1322.0,1.0,412800.0,312.0,1908.0,,,3.0,3.0,"128 Snowberry St, Hamilton, MT 59840",128 Snowberry St,Hamilton,MT,59840,46.251236,-114.14921,,False,,,,
2078387258,FOR_RENT,Apartment for rent,,1720.0,1121.0,2.0,,,1918.0,,,3.0,2.0,"221 Northgate Loop #221, Helena, MT 59602",221 Northgate Loop #221,Helena,MT,59602,46.618484,-112.04625,,False,,,,
452675196,FOR_RENT,Apartment for rent,,1595.0,1108.0,1.0,,,,,,3.0,2.0,"Wolf Glen Apartments, 1825 Wyoming St #7, Missoula, MT 59801",1825 Wyoming St #7,Missoula,MT,59801,46.87158,-114.025024,,False,,,,
2093368077,FOR_RENT,Townhouse for rent,,2450.0,1380.0,2.0,423100.0,307.0,2452.0,,,3.0,3.0,"2319 Aspen Grove Loop, Missoula, MT 59801",2319 Aspen Grove Loop,Missoula,MT,59801,46.85897,-114.03502,,False,,,,
455557075,FOR_RENT,Apartment for rent,,1475.0,1100.0,1.0,,,,,,2.0,1.0,"Alpine Meadows 3005-3009 Tina Ave, 3005 Tina Ave #3009E2, Missoula, MT 59808",3005 Tina Ave #3009E2,Missoula,MT,59808,46.8928,-114.04285,,False,,,,
455530899,FOR_RENT,Apartment for rent,,900.0,,,,,,,,1.0,1.0,"807 SW Higgins Ave APT 11, Missoula, MT 59803",807 SW Higgins Ave APT 11,Missoula,MT,59803,46.83613,-114.01005,,False,,,,
2053656585,FOR_RENT,Apartment for rent,,1295.0,643.0,2.0,,,1276.0,,,1.0,1.0,"England Blvd. Apartments, 3705 & 3715 England Blvd #213, Missoula, MT 59808",3705 & 3715 England Blvd #213,Missoula,MT,59808,46.893948,-114.04098,,False,,,,
2080856924,FOR_RENT,House for rent,,1295.0,720.0,2.0,288000.0,400.0,1263.0,,,,1.0,"3645 Clark Fork Way, Missoula, MT 59808",3645 Clark Fork Way,Missoula,MT,59808,46.882416,-114.04286,,False,,,,
2056439906,FOR_RENT,Apartment for rent,,1995.0,880.0,2.0,,,1382.0,,,2.0,1.0,"509 Westview Ave, 509 Westview Dr #4C, Missoula, MT 59803",509 Westview Dr #4C,Missoula,MT,59803,46.834152,-114.00214,,False,,,,
453898675,FOR_RENT,Apartment for rent,,1795.0,1185.0,2.0,,,,,,2.0,1.0,"425 Michigan Avenue 207 #208-202-3, Missoula, MT 59802",425 Michigan Avenue 207 #208-202-3,Missoula,MT,59802,46.99039,-113.87451,,False,,,,
2055961608,FOR_RENT,Apartment for rent,,1395.0,850.0,2.0,,,1333.0,,,2.0,1.0,"2415 Leo, 2415 Leo Ave #D, Missoula, MT 59808",2415 Leo Ave #D,Missoula,MT,59808,46.88955,-114.023094,,False,,,,
440732094,FOR_RENT,Apartment for rent,,2202.0,1832.0,1.0,,,,,,,,"690 SW Higgins Ave SUITE C, Missoula, MT 59803",690 SW Higgins Ave SUITE C,Missoula,MT,59803,46.837597,-114.00893,,False,,,,
351864233,FOR_RENT,Apartment for rent,,1395.0,650.0,2.0,,,1350.0,,,2.0,1.0,"468 Colorado, 468 Colorado Ave #B, Missoula, MT 59802",468 Colorado Ave #B,Missoula,MT,59802,46.870476,-113.941444,,False,,,,
454244282,FOR_RENT,Apartment for rent,,995.0,550.0,2.0,,,,,,1.0,1.0,"807 Bulwer St UNIT B, Missoula, MT 59802",807 Bulwer St UNIT B,Missoula,MT,59802,46.879627,-114.012634,,False,,,,
453313082,FOR_RENT,Apartment for rent,,1000.0,700.0,1.0,,,,,,2.0,1.0,"1250 Aabear, 1250 Aabear Ln #1, Missoula, MT 59802",1250 Aabear Ln #1,Missoula,MT,59802,46.88158,-113.90284,,False,,,,
303835351,FOR_RENT,Townhouse for rent,,2995.0,1739.0,2.0,551700.0,317.0,2955.0,,,4.0,4.0,"2795 Hamilton Way #A, Missoula, MT 59804",2795 Hamilton Way #A,Missoula,MT,59804,46.873142,-114.04234,,False,,,,
209635305,FOR_RENT,House for rent,,950.0,780.0,1.0,,,1514.0,,,3.0,1.0,"504 Speedway Loop E, Missoula, MT 59802",504 Speedway Loop E,Missoula,MT,59802,46.872116,-113.9423,,False,,,,
2095466011,FOR_RENT,Apartment for rent,,1050.0,450.0,2.0,,,1114.0,,,1.0,1.0,"2010 S 8th St W APT A, Missoula, MT 59801",2010 S 8th St W APT A,Missoula,MT,59801,46.86248,-114.02851,,False,,,,
250364427,FOR_RENT,House for rent,,600.0,,,342200.0,,1142.0,,,,,"2340 Kensington Ave, Missoula, MT 59801",2340 Kensington Ave,Missoula,MT,59801,46.853508,-114.03601,,False,,,,
2089409510,FOR_RENT,Apartment for rent,,1450.0,,,,,1734.0,,,2.0,1.0,"RYM535, 535 Ryman St APT 204, Missoula, MT 59802",535 Ryman St APT 204,Missoula,MT,59802,46.875237,-113.99439,,False,,,,
352192841,FOR_RENT,Apartment for rent,,1595.0,801.0,2.0,,,1425.0,,,2.0,1.0,"522 Bickford, 522 W Bickford St #101, Missoula, MT 59801",522 W Bickford St #101,Missoula,MT,59801,46.86249,-114.014626,,False,,,,
209643168,FOR_RENT,Apartment for rent,,1095.0,850.0,1.0,,,1349.0,,,2.0,1.0,"1400 Sunset Pines Ct, Missoula, MT 59802",1400 Sunset Pines Ct,Missoula,MT,59802,46.88214,-113.886215,,False,,,,
2056482929,FOR_RENT,Apartment for rent,,1295.0,550.0,2.0,,,1008.0,,,1.0,1.0,"Kiwanis Park Apartments, 301 Kiwanis Park Ln #16, Missoula, MT 59802",301 Kiwanis Park Ln #16,Missoula,MT,59802,46.86813,-113.99261,,False,,,,
443326232,FOR_RENT,Apartment for rent,,1145.0,500.0,2.0,,,,,,1.0,1.0,"Majestic, 4395 Majestic Dr, Missoula, MT 59808",4395 Majestic Dr #1B-1BA-500SQFT,Missoula,MT,59808,46.91239,-114.056984,,False,,,,
454895181,FOR_RENT,Apartment for rent,,1450.0,900.0,2.0,,,,,,3.0,2.0,"125, 113-115-117-119 Ridge Ln #2, Trout Creek, MT 59874",113-115-117-119 Ridge Ln #2,Trout Creek,MT,59874,47.673813,-115.423195,,False,,,,
2055246631,FOR_RENT,Apartment for rent,,1300.0,730.0,2.0,,,1266.0,,,2.0,1.0,"903 11th St E #2, Polson, MT 59860",903 11th St E #2,Polson,MT,59860,47.687637,-114.14681,,False,,,,
3140014,FOR_RENT,House for rent,,2295.0,1097.0,2.0,385900.0,352.0,2095.0,,,3.0,1.0,"7780 Starr Dr, Missoula, MT 59802",7780 Starr Dr,Missoula,MT,59802,46.88016,-113.8905,,False,,,,
2057136950,FOR_RENT,Apartment for rent,,1325.0,485.0,3.0,,,1171.0,,,1.0,1.0,"1547 S Higgins Ave #204, Missoula, MT 59801",1547 S Higgins Ave #204,Missoula,MT,59801,46.856316,-113.99775,,False,,,,
2091681348,FOR_RENT,Apartment for rent,,1050.0,752.0,1.0,,,1149.0,,,1.0,1.0,"430 Bickford, 430 W Bickford St APT 1, Missoula, MT 59801",430 W Bickford St APT 1,Missoula,MT,59801,46.861862,-114.01322,,False,,,,
3142334,FOR_RENT,Apartment for rent,,1195.0,,,959900.0,,1128.0,,,1.0,1.0,"340 N Ave W, Missoula, MT 59801",340 N Ave W,Missoula,MT,59801,46.85268,-114.001945,,False,,,,
3134954,FOR_RENT,House for rent,,3495.0,2400.0,1.0,1184800.0,494.0,3364.0,,,3.0,3.0,"2825 Saint Michael Dr, Missoula, MT 59803",2825 Saint Michael Dr,Missoula,MT,59803,46.815758,-114.04746,,False,,,,
455130483,FOR_RENT,Apartment for rent,,1300.0,,,,,,,,1.0,1.0,"301 South 5th Street East - 1D 1 room, 301 S 5th St E, Missoula, MT 59801",301 S 5th St E #1D,Missoula,MT,59801,46.86471,-113.99382,,False,,,,
2060828428,FOR_RENT,Apartment for rent,,1350.0,798.0,2.0,,,1514.0,,,2.0,1.0,"1000 Longstaff, 1000 Longstaff St #B, Missoula, MT 59801",1000 Longstaff St #B,Missoula,MT,59801,46.859047,-114.015205,,False,,,,
50943583,FOR_RENT,Townhouse for rent,,2495.0,,,424900.0,,2499.0,,,3.0,2.0,"506 Bondurant Ct #A, Missoula, MT 59801",506 Bondurant Ct #A,Missoula,MT,59801,46.874744,-114.02275,,False,,,,
454861047,FOR_RENT,Apartment for rent,,1395.0,850.0,2.0,,,,,,2.0,1.0,"11305 Napton Way, 11305 Napton Way #1, Lolo, MT 59847",11305 Napton Way #1,Lolo,MT,59847,46.762897,-114.07789,,False,,,,
78158947,FOR_RENT,House for rent,,1600.0,,,287400.0,,1601.0,,,2.0,1.0,"407 7th Ave W, Polson, MT 59860",407 7th Ave W,Polson,MT,59860,47.689003,-114.170654,,False,,,,
2062418167,FOR_RENT,Apartment for rent,,1150.0,,,,,1185.0,,,,1.0,"FRO237, 237 1/2 E Front St #G, Missoula, MT 59802",237 1/2 E Front St #G,Missoula,MT,59802,46.869198,-113.98991,,False,,,,
3126797,FOR_RENT,Apartment for rent,,950.0,,,499800.0,,2412.0,,,1.0,1.0,"1103 Cooper St, Missoula, MT 59802",1103 Cooper St,Missoula,MT,59802,46.87882,-114.00656,,False,,,,
454258351,FOR_RENT,Apartment for rent,,2295.0,1233.0,2.0,,,,,,3.0,2.0,"4428 Deveraux, 4428 Deveraux Pl UNIT B, Missoula, MT 59808",4428 Deveraux Pl UNIT B,Missoula,MT,59808,46.91469,-114.05943,,False,,,,
454860742,FOR_RENT,Apartment for rent,,2100.0,,,,,,,,3.0,2.0,"800 Whitaker, 800 Whitaker Dr #802, Missoula, MT 59803",800 Whitaker Dr #802,Missoula,MT,59803,46.83183,-114.00311,,False,,,,
3139884,FOR_RENT,House for rent,,1700.0,,,419500.0,,1828.0,,,3.0,1.0,"705 Marshall St, Missoula, MT 59801",705 Marshall St,Missoula,MT,59801,46.86275,-114.01326,,False,,,,
2108244873,FOR_RENT,Apartment for rent,,1175.0,,,,,1553.0,,,2.0,1.0,"SUS1740, 1740 W Sussex Ave APT B, Missoula, MT 59801",1740 W Sussex Ave APT B,Missoula,MT,59801,46.84999,-114.02397,,False,,,,
2054976498,FOR_RENT,House for rent,,2500.0,,,511300.0,,3015.0,,,5.0,2.0,"440 S Ave W, Missoula, MT 59801",440 S Ave W,Missoula,MT,59801,46.848816,-114.003334,,False,,,,
3143980,FOR_RENT,House for rent,,3495.0,2100.0,2.0,743700.0,354.0,3337.0,,,3.0,3.0,"1480 Crest Haven Dr, Missoula, MT 59808",1480 Crest Haven Dr,Missoula,MT,59808,46.884235,-114.11288,,False,,,,
3133383,FOR_RENT,House for rent,,2795.0,1400.0,2.0,1108900.0,792.0,4453.0,,,4.0,2.0,"314 Nancy Lou Dr, Missoula, MT 59804",314 Nancy Lou Dr,Missoula,MT,59804,46.8685,-114.061295,,False,,,,
2092682578,FOR_RENT,Apartment for rent,,1395.0,850.0,2.0,,,1194.0,,,2.0,1.0,"2253 S 3rd St W APT C, Missoula, MT 59801",2253 S 3rd St W APT C,Missoula,MT,59801,46.86637,-114.03401,,False,,,,
401771634,FOR_RENT,Apartment for rent,,1395.0,850.0,2.0,,,,,,2.0,1.0,"2409 Leo, 2409 Leo Ave #C, Missoula, MT 59808",2409 Leo Ave #C,Missoula,MT,59808,46.88943,-114.02284,,False,,,,
3137554,FOR_RENT,House for rent,,1895.0,1200.0,2.0,489100.0,408.0,2011.0,,,2.0,1.0,"615 Ford St, Missoula, MT 59801",615 Ford St,Missoula,MT,59801,46.856403,-114.00098,,False,,,,
3135828,FOR_RENT,Apartment for rent,,1595.0,990.0,2.0,,,1694.0,,,2.0,1.0,"407 S 5th St E, Missoula, MT 59801",407 S 5th St E,Missoula,MT,59801,46.864742,-113.99199,,False,,,,
2056248255,FOR_RENT,Apartment for rent,,1250.0,800.0,2.0,,,1503.0,,,2.0,1.0,"1824 Philips St #3, Missoula, MT 59802",1824 Philips St #3,Missoula,MT,59802,46.8813,-114.01791,,False,,,,
453563794,FOR_RENT,Apartment for rent,,1100.0,,,,,,,,1.0,1.0,"175, 1502 Ernest Ave APT 3, Missoula, MT 59801",1502 Ernest Ave APT 3,Missoula,MT,59801,46.841995,-114.01895,,False,,,,
61502941,FOR_RENT,House for rent,,1800.0,896.0,2.0,359900.0,402.0,1867.0,,,2.0,2.0,"2805 Lowridge Ct APT 1, Missoula, MT 59808",2805 Lowridge Ct APT 1,Missoula,MT,59808,46.916615,-114.03469,,False,,,,
64624322,FOR_RENT,House for rent,,3495.0,1665.0,2.0,706000.0,424.0,2970.0,,,3.0,2.0,"8701 Fescue Ct, Missoula, MT 59808",8701 Fescue Ct,Missoula,MT,59808,46.896126,-114.117584,,False,,,,
116513748,FOR_RENT,House for rent,,1100.0,,,979200.0,,1525.0,,,,1.0,"34085 Connolly Way, Polson, MT 59860",34085 Connolly Way,Polson,MT,59860,47.73111,-114.07229,,False,,,,
79866955,FOR_RENT,House for rent,,3395.0,2478.0,1.0,560500.0,226.0,3530.0,,,5.0,3.0,"2535 Latigo Dr, Missoula, MT 59808",2535 Latigo Dr,Missoula,MT,59808,46.895058,-114.06958,,False,,,,
2113638939,FOR_RENT,Apartment for rent,,1250.0,,,,,1401.0,,,2.0,1.0,"CAM104, 104 Camelot Ct APT 8, Missoula, MT 59801",104 Camelot Ct APT 8,Missoula,MT,59801,46.84106,-114.01214,,False,,,,
440044796,FOR_RENT,Townhouse for rent,,2195.0,940.0,2.0,331000.0,352.0,,,,3.0,2.0,"1125 S Catlin St #B, Missoula, MT 59801",1125 S Catlin St #B,Missoula,MT,59801,46.86084,-114.02265,,False,,,,
344051789,FOR_RENT,Apartment for rent,,945.0,215.0,4.0,,,944.0,,,1.0,1.0,"Central Studios, 2252 W Central Ave #2254, Missoula, MT 59801",2252 W Central Ave #2254,Missoula,MT,59801,46.85089,-114.03392,,False,,,,
2063388535,FOR_RENT,House for rent,,2795.0,,,389500.0,,2583.0,,,4.0,2.0,"1310 S Catlin St, Missoula, MT 59801",1310 S Catlin St,Missoula,MT,59801,46.859184,-114.02215,,False,,,,
455124275,FOR_RENT,Apartment for rent,,775.0,,,,,,,,1.0,1.0,"38714 3rd Street West - 3, 38714 3rd St W, Charlo, MT 59824",38714 3rd St W #3,Charlo,MT,59824,47.438835,-114.17436,,False,,,,
92068039,FOR_RENT,House for rent,,1800.0,1809.0,1.0,945000.0,522.0,2425.0,,,3.0,2.0,"31468 Kings Point Rd, Polson, MT 59860",31468 Kings Point Rd,Polson,MT,59860,47.755924,-114.140625,,False,,,,
3140497,FOR_RENT,House for rent,,2750.0,1800.0,2.0,706200.0,392.0,2322.0,,,3.0,1.0,"329 E Kent Ave, Missoula, MT 59801",329 E Kent Ave,Missoula,MT,59801,46.85131,-113.99301,,False,,,,
455083621,FOR_RENT,House for rent,,1220.0,470.0,3.0,303300.0,645.0,,,,1.0,1.0,"705.5 Cleveland St, Missoula, MT 59801",705.5 Cleveland St,Missoula,MT,59801,46.862766,-114.008446,,False,,,,
336858619,FOR_RENT,House for rent,,2395.0,1100.0,2.0,428200.0,389.0,2369.0,,,3.0,2.0,"4444 Deveraux Pl UNIT A, Missoula, MT 59808",4444 Deveraux Pl UNIT A,Missoula,MT,59808,46.914646,-114.05995,,False,,,,
454895180,FOR_RENT,Apartment for rent,,850.0,,,,,,,,1.0,1.0,"Graham, 210 Main St SW #214, Ronan, MT 59864",210 Main St SW #214,Ronan,MT,59864,47.529045,-114.10083,,False,,,,
455264022,FOR_RENT,House for rent,,1525.0,560.0,3.0,269300.0,481.0,,,,2.0,1.0,"1417.5 S 2nd St W, Missoula, MT 59801",1417.5 S 2nd St W,Missoula,MT,59801,46.86799,-114.017235,,False,,,,
443195895,FOR_RENT,Apartment for rent,,1495.0,1000.0,1.0,,,,,,2.0,1.0,"7000 Uncle Robert Ln APT 7-7037, Missoula, MT 59803",7000 Uncle Robert Ln APT 7-7037,Missoula,MT,59803,46.80461,-114.06131,,False,,,,
455267189,FOR_RENT,Apartment for rent,,1810.0,1400.0,1.0,,,,10454.4,sqft,2.0,1.0,"2 bed, 1.0 bath, 1400 sqft, $1,810, 349 Lakeshore Dr, Lakeside, MT 59922",349 Lakeshore Dr #0,Lakeside,MT,59922,48.04127,-114.22407,,False,,,,
443570119,FOR_RENT,Apartment for rent,,1350.0,,,,,,,,2.0,1.0,"904 Spartan Dr #1-4, Missoula, MT 59801",904 Spartan Dr #1-4,Missoula,MT,59801,46.840363,-114.01214,,False,,,,
455487103,FOR_RENT,House for rent,,975.0,,,,,,,,,1.0,"111 1/2 6th Ave W, Polson, MT 59860",111 1/2 6th Ave W,Polson,MT,59860,47.690273,-114.15408,,False,,,,
455323714,FOR_RENT,House for rent,,1600.0,,,,,,,,,1.0,"42429 Holt Ranch Ln, Ronan, MT 59864",42429 Holt Ranch Ln,Ronan,MT,59864,47.595818,-114.095695,,False,,,,
455351821,FOR_RENT,Apartment for rent,,950.0,,,,,,,,1.0,1.0,"5405 US Highway 93 N, 5405 Us Highway 93 N #A, Florence, MT 59833",5405 Us Highway 93 N #A,Florence,MT,59833,46.62658,-114.0849,,False,,,,
2106408749,FOR_RENT,Apartment for rent,,1245.0,950.0,1.0,,,1493.0,,,2.0,1.0,"2304 Hillview Court, 2304 Hillview Ct APT 3, Missoula, MT 59803",2304 Hillview Ct APT 3,Missoula,MT,59803,46.819912,-114.03267,,False,,,,
455143080,FOR_RENT,Apartment for rent,,1295.0,876.0,1.0,,,,,,2.0,1.0,"2314 Hillview Ct, 2314 Hillview Ct #4, Missoula, MT 59803",2314 Hillview Ct #4,Missoula,MT,59803,46.819553,-114.03471,,False,,,,
455165303,FOR_RENT,Apartment for rent,,1350.0,795.0,2.0,,,,,,2.0,1.0,"302 7th Ave W #A, Polson, MT 59860",302 7th Ave W #A,Polson,MT,59860,47.6894,-114.16873,,False,,,,
212849811,FOR_RENT,House for rent,,2150.0,1224.0,2.0,442900.0,362.0,2361.0,,,3.0,2.0,"123 Ben Williams Ln, Lakeside, MT 59922",123 Ben Williams Ln,Lakeside,MT,59922,48.014618,-114.22834,,False,,,,
78136008,FOR_RENT,Townhouse for rent,,3850.0,2462.0,2.0,664600.0,270.0,3478.0,,,3.0,4.0,"281 Eagle Bend Dr, Bigfork, MT 59911",281 Eagle Bend Dr,Bigfork,MT,59911,48.07496,-114.10716,,False,,,,
212852061,FOR_RENT,House for rent,,2450.0,,,537900.0,,2153.0,,,3.0,2.0,"480 Wiley Dike Rd, Kalispell, MT 59901",480 Wiley Dike Rd,Kalispell,MT,59901,48.118694,-114.224304,,False,,,,
2055433487,FOR_RENT,Apartment for rent,,1250.0,858.0,1.0,,,1212.0,,,3.0,2.0,"35995 N Burnt Pine Dr, Ronan, MT 59864",35995 N Burnt Pine Dr,Ronan,MT,59864,47.544,-114.0916,,False,,,,
402573742,FOR_RENT,Apartment for rent,,1950.0,1160.0,2.0,,,,,,2.0,2.0,"517 Shady Glen Dr UNIT 104, Kalispell, MT 59901",517 Shady Glen Dr UNIT 104,Kalispell,MT,59901,48.202095,-114.2981,,False,,,,
78143151,FOR_RENT,House for rent,,2300.0,1424.0,2.0,390300.0,274.0,1889.0,,,2.0,1.0,"47 5th Ave E, Kalispell, MT 59901",47 5th Ave E,Kalispell,MT,59901,48.19907,-114.305786,,False,,,,
2075374045,FOR_RENT,Townhouse for rent,,1650.0,1150.0,1.0,265000.0,230.0,1694.0,,,3.0,2.0,"208 2nd Ave SE, Ronan, MT 59864",208 2nd Ave SE,Ronan,MT,59864,47.52925,-114.09391,,False,,,,
2063337415,FOR_RENT,Apartment for rent,,1250.0,,,,,1967.0,,,3.0,2.0,"211 11th Ave W, Polson, MT 59860",211 11th Ave W,Polson,MT,59860,47.68604,-114.1681,,False,,,,
453089496,FOR_RENT,Apartment for rent,,1495.0,1100.0,1.0,,,,,,3.0,2.0,"1830 Dickens St #1-4, Missoula, MT 59802",1830 Dickens St #1-4,Missoula,MT,59802,46.889633,-114.002716,,False,,,,
84159589,FOR_RENT,Townhouse for rent,,2400.0,1581.0,2.0,401900.0,254.0,2391.0,,,3.0,2.0,"38 Carnegie Dr, Kalispell, MT 59901",38 Carnegie Dr,Kalispell,MT,59901,48.213688,-114.348236,,False,,,,
3138467,FOR_RENT,House for rent,,2800.0,1800.0,2.0,695600.0,386.0,3369.0,,,3.0,3.0,"733 Howell St, Missoula, MT 59802",733 Howell St,Missoula,MT,59802,46.881733,-114.00123,,False,,,,
78158709,FOR_RENT,House for rent,,1750.0,960.0,2.0,264900.0,276.0,1512.0,,,2.0,1.0,"209 7th Ave E, Polson, MT 59860",209 7th Ave E,Polson,MT,59860,47.689514,-114.15924,,False,,,,
78158530,FOR_RENT,House for rent,,1800.0,1211.0,1.0,297500.0,246.0,1796.0,,,3.0,1.0,"602 2nd St W, Polson, MT 59860",602 2nd St W,Polson,MT,59860,47.69008,-114.16727,,False,,,,
453449223,FOR_RENT,Apartment for rent,,1495.0,1100.0,1.0,,,,,,3.0,1.0,"1018 Stoddard St #A-D, Missoula, MT 59802",1018 Stoddard St #A-D,Missoula,MT,59802,46.88424,-114.005394,,False,,,,
331524327,FOR_RENT,Townhouse for rent,,2400.0,1312.0,2.0,436600.0,333.0,2310.0,,,3.0,2.0,"1427 Destiny Ln, Kalispell, MT 59901",1427 Destiny Ln,Kalispell,MT,59901,48.171497,-114.31257,,False,,,,
453509287,FOR_RENT,Apartment for rent,,1600.0,,,,,,,,2.0,2.0,"119 Jewel Basin Ct #B4, Bigfork, MT 59911",119 Jewel Basin Ct #B4,Bigfork,MT,59911,48.094776,-114.0864,,False,,,,
452935455,FOR_RENT,Apartment for rent,,1500.0,,,,,,,,2.0,2.0,"202 Jewel Basin Ct APT A4, Bigfork, MT 59911",202 Jewel Basin Ct APT A4,Bigfork,MT,59911,48.0929,-114.08688,,False,,,,
2101603252,FOR_RENT,Apartment for rent,,1150.0,700.0,2.0,,,1119.0,,,2.0,1.0,"315 N Pattee St APT 307, Missoula, MT 59802",315 N Pattee St APT 307,Missoula,MT,59802,46.871983,-113.99264,,False,,,,
78158854,FOR_RENT,House for rent,,1575.0,970.0,2.0,268700.0,277.0,1568.0,,,2.0,1.0,"105 7th Ave W, Polson, MT 59860",105 7th Ave W,Polson,MT,59860,47.688972,-114.165665,,False,,,,
352260247,FOR_RENT,Apartment for rent,,1695.0,,,,,2108.0,,,2.0,3.0,"35746 Rocky Point Rd, Polson, MT 59860",35746 Rocky Point Rd,Polson,MT,59860,47.70979,-114.18555,,False,,,,
116341245,FOR_RENT,House for rent,,1350.0,400.0,3.0,933000.0,2333.0,1367.0,,,,1.0,"933 Echo Lake Rd, Bigfork, MT 59911",933 Echo Lake Rd,Bigfork,MT,59911,48.124935,-114.0237,,False,,,,
453179311,FOR_RENT,Townhouse for rent,,2350.0,1500.0,2.0,427600.0,285.0,,,,3.0,3.0,"1981 Greatview, Kalispell, MT 59901",1981 Greatview,Kalispell,MT,59901,48.175842,-114.3186,,False,,,,
450900775,FOR_RENT,Apartment for rent,,1495.0,1100.0,1.0,,,,,,3.0,2.0,"821 Rodgers St #1-4, Missoula, MT 59802",821 Rodgers St #1-4,Missoula,MT,59802,46.889477,-114.00233,,False,,,,
2077041259,FOR_RENT,Apartment for rent,,1025.0,690.0,1.0,,,1054.0,,,2.0,1.0,"1130 Longstaff St, Missoula, MT 59801",1130 Longstaff St,Missoula,MT,59801,46.857716,-114.01684,,False,,,,
2063438540,FOR_RENT,Apartment for rent,,2195.0,1100.0,2.0,,,2199.0,,,3.0,2.0,"226-228 S 3rd St W, Missoula, MT 59801",226-228 S 3rd St W,Missoula,MT,59801,46.86701,-114.016815,,False,,,,
2102035687,FOR_RENT,Apartment for rent,,900.0,540.0,2.0,,,1086.0,,,1.0,1.0,"330 N Adams St APT 2, Missoula, MT 59802",330 N Adams St APT 2,Missoula,MT,59802,46.871475,-113.98895,,False,,,,
78158918,FOR_RENT,Apartment for rent,,1300.0,820.0,2.0,1256800.0,1533.0,1348.0,,,2.0,1.0,"203 9th Ave W, Polson, MT 59860",203 9th Ave W,Polson,MT,59860,47.687008,-114.1674,,False,,,,
227184303,FOR_RENT,Apartment for rent,,1190.0,730.0,2.0,,,1240.0,,,2.0,1.0,"1110 4th St E, Polson, MT 59860",1110 4th St E,Polson,MT,59860,47.684845,-114.15784,,False,,,,
2091531117,FOR_RENT,Apartment for rent,,1195.0,552.0,2.0,,,1076.0,,,1.0,1.0,"909 Charlo St, Missoula, MT 59802",909 Charlo St,Missoula,MT,59802,46.887817,-114.00438,,False,,,,
2093006904,FOR_RENT,Apartment for rent,,900.0,350.0,3.0,,,910.0,,,1.0,1.0,"408 E Broadway St APT 5, Missoula, MT 59802",408 E Broadway St APT 5,Missoula,MT,59802,46.870983,-113.9891,,False,,,,
3137267,FOR_RENT,House for rent,,3050.0,2200.0,1.0,591100.0,269.0,2757.0,,,4.0,2.0,"2422 56th St, Missoula, MT 59803",2422 56th St,Missoula,MT,59803,46.8189,-114.039345,,False,,,,
338453570,FOR_RENT,Townhouse for rent,,2500.0,1638.0,2.0,427000.0,261.0,2525.0,,,4.0,3.0,"833 Lake Francis Dr, Kalispell, MT 59901",833 Lake Francis Dr,Kalispell,MT,59901,48.21343,-114.37356,,False,,,,
2080036644,FOR_RENT,Apartment for rent,,1550.0,,,,,1472.0,,,3.0,2.0,"4Plex - 4123 Central Ave, Great Falls, MT 59405 -K, 4123 Central Ave #4, Great Falls, MT 59405",4123 Central Ave #4,Great Falls,MT,59405,47.505234,-111.23492,,False,,,,
3119024,FOR_RENT,House for rent,,2000.0,1632.0,1.0,301500.0,185.0,1981.0,,,3.0,1.0,"533 26th Ave NE, Great Falls, MT 59404",533 26th Ave NE,Great Falls,MT,59404,47.529766,-111.30098,,False,,,,
348792596,FOR_RENT,Apartment for rent,,995.0,,,,,1233.0,,,2.0,1.0,"3640 9th Ave N #A, Great Falls, MT 59401",3640 9th Ave N #A,Great Falls,MT,59401,47.514603,-111.24262,,False,,,,
3120872,FOR_RENT,House for rent,,2550.0,,,394600.0,,2020.0,,,3.0,2.0,"2508 Upper River Rd, Great Falls, MT 59405",2508 Upper River Rd,Great Falls,MT,59405,47.47861,-111.3067,,False,,,,
212833448,FOR_RENT,House for rent,,1400.0,,,344400.0,,1489.0,,,3.0,1.0,"1821 4th Ave N, Great Falls, MT 59401",1821 4th Ave N,Great Falls,MT,59401,47.50989,-111.27511,,False,,,,
3113420,FOR_RENT,House for rent,,2300.0,1152.0,2.0,378600.0,329.0,1980.0,,,3.0,2.0,"2907 Carmel Dr, Great Falls, MT 59404",2907 Carmel Dr,Great Falls,MT,59404,47.476826,-111.33259,,False,,,,
3114592,FOR_RENT,House for rent,,2400.0,1473.0,2.0,366000.0,248.0,2171.0,,,3.0,2.0,"84 Treasure State Dr, Great Falls, MT 59404",84 Treasure State Dr,Great Falls,MT,59404,47.48449,-111.33579,,False,,,,
2091905612,FOR_RENT,Apartment for rent,,1100.0,,,,,987.0,,,1.0,1.0,"Mahadev LLC 4-Plex, 4108 3rd Ave S APT 4, Great Falls, MT 59405",4108 3rd Ave S APT 4,Great Falls,MT,59405,47.501392,-111.23595,,False,,,,
212838267,FOR_RENT,Townhouse for rent,,1500.0,1600.0,1.0,300500.0,188.0,1522.0,,,3.0,1.0,"3824 9th Ave S, Great Falls, MT 59405",3824 9th Ave S,Great Falls,MT,59405,47.494774,-111.239944,,False,,,,
3114019,FOR_RENT,House for rent,,1800.0,,,226200.0,,1565.0,,,2.0,1.0,"2104 6th Ave S, Great Falls, MT 59405",2104 6th Ave S,Great Falls,MT,59405,47.498238,-111.270805,,False,,,,
3112225,FOR_RENT,House for rent,,1200.0,1164.0,1.0,190300.0,163.0,1351.0,,,2.0,2.0,"605 38th St N, Great Falls, MT 59405",605 38th St N,Great Falls,MT,59405,47.51223,-111.24107,,False,,,,
2052928898,FOR_RENT,House for rent,,1290.0,,,194100.0,,1183.0,,,1.0,1.0,"1004 2nd Ave N UNIT 1, Great Falls, MT 59401",1004 2nd Ave N UNIT 1,Great Falls,MT,59401,47.50714,-111.28987,,False,,,,
2081936940,FOR_RENT,Apartment for rent,,799.0,,,,,818.0,,,1.0,1.0,"2027 Smelter Ave NE APT 5, Black Eagle, MT 59414",2027 Smelter Ave NE APT 5,Black Eagle,MT,59414,47.525024,-111.275,,False,,,,
3106198,FOR_RENT,House for rent,,2450.0,,,372200.0,,2386.0,,,5.0,3.0,"212 3rd Ave N, Great Falls, MT 59401",212 3rd Ave N,Great Falls,MT,59401,47.508305,-111.30338,,False,,,,
3120721,FOR_RENT,House for rent,,1850.0,1392.0,1.0,346600.0,249.0,1824.0,,,3.0,1.0,"2202 3rd St S, Great Falls, MT 59405",2202 3rd St S,Great Falls,MT,59405,47.481644,-111.305336,,False,,,,
2099359476,FOR_RENT,House for rent,,950.0,,,220000.0,,1345.0,,,2.0,1.0,"1602 8th Ave N, Great Falls, MT 59401",1602 8th Ave N,Great Falls,MT,59401,47.513527,-111.27958,,False,,,,
3115427,FOR_RENT,House for rent,,1900.0,1813.0,1.0,310500.0,171.0,1970.0,,,3.0,2.0,"631 Riverwood Ct, Great Falls, MT 59405",631 Riverwood Ct,Great Falls,MT,59405,47.51237,-111.2251,,False,,,,
212834137,FOR_RENT,House for rent,,1250.0,,,232700.0,,945.0,,,1.0,1.0,"2213 7th Ave N, Great Falls, MT 59401",2213 7th Ave N,Great Falls,MT,59401,47.51315,-111.26852,,False,,,,
3110255,FOR_RENT,House for rent,,2400.0,,,312000.0,,1695.0,,,4.0,2.0,"3412 2nd Ave N, Great Falls, MT 59401",3412 2nd Ave N,Great Falls,MT,59401,47.506943,-111.24778,,False,,,,
64482271,FOR_RENT,House for rent,,1025.0,900.0,1.0,243200.0,270.0,1245.0,,,2.0,1.0,"2111 7th Ave N, Great Falls, MT 59401",2111 7th Ave N,Great Falls,MT,59401,47.51316,-111.27046,,False,,,,
3115681,FOR_RENT,House for rent,,1350.0,894.0,2.0,248100.0,278.0,1563.0,,,2.0,1.0,"1424 17th Ave S, Great Falls, MT 59405",1424 17th Ave S,Great Falls,MT,59405,47.48633,-111.28225,,False,,,,
212831905,FOR_RENT,House for rent,,1350.0,,,68200.0,,1389.0,,,2.0,1.0,"3806 Vigilante Dr, Great Falls, MT 59405",3806 Vigilante Dr,Great Falls,MT,59405,47.514088,-111.24062,,False,,,,
2056104881,FOR_RENT,Apartment for rent,,948.0,640.0,1.0,,,979.0,,,1.0,1.0,"Montana, 601 5th Ave S #3, Great Falls, MT 59405",601 5th Ave S #3,Great Falls,MT,59405,47.5001,-111.2971,,False,,,,
212834728,FOR_RENT,House for rent,,1275.0,1025.0,1.0,321000.0,313.0,1133.0,,,2.0,1.0,"301 25th St N, Great Falls, MT 59401",301 25th St N,Great Falls,MT,59401,47.508743,-111.26394,,False,,,,
2054934464,FOR_RENT,Apartment for rent,,1300.0,1100.0,1.0,,,1034.0,,,2.0,1.0,"815 23rd Street S, 815 23rd St S #821, Great Falls, MT 59405",815 23rd St S #821,Great Falls,MT,59405,47.49556,-111.26755,,False,,,,
347673974,FOR_RENT,Apartment for rent,,1800.0,,,,,1464.0,,,3.0,2.0,"1100 8th Ave N, 1100 8th Ave N #A, Great Falls, MT 59401",1100 8th Ave N #A,Great Falls,MT,59401,47.51385,-111.28827,,False,,,,
2087884887,FOR_RENT,Townhouse for rent,,1100.0,1000.0,1.0,162900.0,163.0,1238.0,,,3.0,1.0,"417 2nd Ave SW APT 2, Great Falls, MT 59404",417 2nd Ave SW APT 2,Great Falls,MT,59404,47.506145,-111.31932,,False,,,,
353727821,FOR_RENT,Apartment for rent,,850.0,,,,,1035.0,,,2.0,1.0,"2420 7th Avenue North, 2420 7th Ave N, Great Falls, MT 59401",2420 7th Ave N #10905024,Great Falls,MT,59401,47.512512,-111.26494,,False,,,,
2079831787,FOR_RENT,Apartment for rent,,1000.0,,,,,1036.0,,,2.0,1.0,"1400 4th St S APT 8, Great Falls, MT 59405",1400 4th St S APT 8,Great Falls,MT,59405,47.48968,-111.301735,,False,,,,
2053082066,FOR_RENT,Apartment for rent,,1000.0,,,,,1006.0,,,2.0,1.0,"1321 1st Avenue SW - 12plex -E, 1321 1st Ave SW APT 1, Great Falls, MT 59404",1321 1st Ave SW APT 1,Great Falls,MT,59404,47.50714,-111.33555,,False,,,,
450626494,FOR_RENT,Apartment for rent,,850.0,360.0,2.0,,,,,,1.0,1.0,"Hagan Block, 809 15th St #301, Fort Benton, MT 59442",809 15th St #301,Fort Benton,MT,59442,47.818092,-110.66792,,False,,,,
3110972,FOR_RENT,House for rent,,2700.0,2172.0,1.0,495800.0,228.0,2631.0,,,4.0,3.0,"102 20th St SW, Great Falls, MT 59404",102 20th St SW,Great Falls,MT,59404,47.505856,-111.34699,,False,,,,
121255093,FOR_RENT,Apartment for rent,,1950.0,1220.0,2.0,,,2028.0,,,2.0,2.0,"503 1st Ave N SUITE 205, Great Falls, MT 59401",503 1st Ave N SUITE 205,Great Falls,MT,59401,47.506657,-111.29879,,False,,,,
116358443,FOR_RENT,House for rent,,3950.0,3721.0,1.0,898100.0,241.0,3825.0,,,4.0,3.0,"354 Blue Spruce Ln, Kalispell, MT 59901",354 Blue Spruce Ln,Kalispell,MT,59901,48.262295,-114.31912,,False,,,,
212881031,FOR_RENT,House for rent,,3200.0,1800.0,2.0,632000.0,351.0,2882.0,,,3.0,2.0,"1863 Tamarack Ln, Columbia Falls, MT 59912",1863 Tamarack Ln,Columbia Falls,MT,59912,48.394375,-114.21853,,False,,,,
344579539,FOR_RENT,House for rent,,3200.0,1395.0,2.0,664700.0,476.0,2838.0,,,3.0,3.0,"301 Trailview Way, Whitefish, MT 59937",301 Trailview Way,Whitefish,MT,59937,48.398796,-114.32382,,False,,,,
452140754,FOR_RENT,Apartment for rent,,1525.0,900.0,2.0,,,,,,2.0,2.0,"25 Appleway Dr APT 3, Kalispell, MT 59901",25 Appleway Dr APT 3,Kalispell,MT,59901,48.196686,-114.333244,,False,,,,
455239175,FOR_RENT,Apartment for rent,,2200.0,990.0,2.0,,,,,,2.0,2.0,"861 9th St W #A, Kalispell, MT 59901",861 9th St W #A,Kalispell,MT,59901,48.187836,-114.32381,,False,,,,
243049240,FOR_RENT,Townhouse for rent,,2600.0,,,533900.0,,2578.0,,,2.0,2.0,"115 Great Northern Dr, Whitefish, MT 59937",115 Great Northern Dr,Whitefish,MT,59937,48.381557,-114.339676,,False,,,,
455239307,FOR_RENT,Apartment for rent,,1600.0,,,,,,,,2.0,2.0,"120 Jewel Basin Ct #A3, Bigfork, MT 59911",120 Jewel Basin Ct #A3,Bigfork,MT,59911,48.09506,-114.08714,,False,,,,
2079296946,FOR_RENT,House for rent,,3400.0,4400.0,1.0,1138800.0,259.0,3594.0,,,5.0,4.0,"31792 Hollyhock Ln, Bigfork, MT 59911",31792 Hollyhock Ln,Bigfork,MT,59911,47.944355,-114.02903,,False,,,,
116329918,FOR_RENT,House for rent,,3750.0,2600.0,1.0,1180100.0,454.0,4368.0,,,4.0,3.0,"2085 Big Mountain Rd, Whitefish, MT 59937",2085 Big Mountain Rd,Whitefish,MT,59937,48.44292,-114.352554,,False,,,,
2079762375,FOR_RENT,Townhouse for rent,,2500.0,,,513700.0,,2516.0,,,2.0,2.0,"66 Elderberry Loop #B, Whitefish, MT 59937",66 Elderberry Loop #B,Whitefish,MT,59937,48.3835,-114.33414,,False,,,,
402268531,FOR_RENT,House for rent,,3000.0,1850.0,2.0,785500.0,425.0,,,,3.0,2.0,"7 Willow Brook Close, Whitefish, MT 59937",7 Willow Brook Close,Whitefish,MT,59937,48.409325,-114.3216,,False,,,,
78148154,FOR_RENT,House for rent,,3100.0,2100.0,1.0,792100.0,377.0,3274.0,,,4.0,3.0,"646 Copperwood Ct, Whitefish, MT 59937",646 Copperwood Ct,Whitefish,MT,59937,48.417416,-114.3399,,False,,,,
212877646,FOR_RENT,House for rent,,3000.0,1956.0,2.0,699500.0,358.0,3139.0,,,4.0,2.0,"215 Emerald Dr, Whitefish, MT 59937",215 Emerald Dr,Whitefish,MT,59937,48.375675,-114.33179,,False,,,,
448667448,FOR_RENT,Apartment for rent,,2500.0,1122.0,2.0,,,,,,2.0,2.0,"20 Hickory Loop #A, Whitefish, MT 59937",20 Hickory Loop #A,Whitefish,MT,59937,48.38443,-114.33377,,False,,,,
455220617,FOR_RENT,House for rent,,4700.0,3192.0,1.0,852300.0,267.0,,1.56,acres,3.0,4.0,"233 North Riding, Kalispell, MT 59901",233 North Riding,Kalispell,MT,59901,48.21829,-114.341286,,False,,,,
92060202,FOR_RENT,House for rent,,2000.0,1643.0,1.0,373100.0,227.0,2025.0,,,2.0,2.0,"402 Ponderosa St, Kalispell, MT 59901",402 Ponderosa St,Kalispell,MT,59901,48.225197,-114.32584,,False,,,,
455297768,FOR_RENT,Apartment for rent,,1950.0,1050.0,2.0,,,,,,2.0,2.0,"745 Cottonwood, 745 Cottonwood Ct UNIT A, Whitefish, MT 59937",745 Cottonwood Ct UNIT A,Whitefish,MT,59937,48.42276,-114.336624,,False,,,,
78139389,FOR_RENT,House for rent,,2500.0,1608.0,2.0,462800.0,288.0,1940.0,,,2.0,2.0,"302 6th Ave W, Kalispell, MT 59901",302 6th Ave W,Kalispell,MT,59901,48.19408,-114.32198,,False,,,,
452811478,FOR_RENT,Apartment for rent,,1650.0,,,,,,,,2.0,2.0,"2 bedroom 1.5 bath Split level Apartment, 234 Farview Dr #1, Kalispell, MT 59901",234 Farview Dr #1,Kalispell,MT,59901,48.22454,-114.329216,,False,,,,
2053068919,FOR_RENT,Townhouse for rent,,2150.0,,,409000.0,,2204.0,,,3.0,2.0,"1694 Bull Run, Kalispell, MT 59901",1694 Bull Run,Kalispell,MT,59901,48.182697,-114.29403,,False,,,,
84159926,FOR_RENT,Apartment for rent,,1300.0,980.0,1.0,,,1157.0,,,2.0,2.0,"1811 1st Ave W, Kalispell, MT 59901",1811 1st Ave W,Kalispell,MT,59901,48.18228,-114.310356,,False,,,,
454867518,FOR_RENT,Apartment for rent,,1600.0,400.0,4.0,,,,,,1.0,1.0,"123 Elk St #1, Coram, MT 59913",123 Elk St #1,Coram,MT,59913,48.437458,-114.05584,,False,,,,
92061753,FOR_RENT,House for rent,,1925.0,,,861700.0,,2039.0,,,2.0,1.0,"304 Dakota Ave, Whitefish, MT 59937",304 Dakota Ave,Whitefish,MT,59937,48.41808,-114.34693,,False,,,,
78140443,FOR_RENT,House for rent,,2350.0,1600.0,1.0,590800.0,369.0,2351.0,,,3.0,2.0,"1990 Greatview Dr, Kalispell, MT 59901",1990 Greatview Dr,Kalispell,MT,59901,48.17536,-114.31804,,False,,,,
78139403,FOR_RENT,House for rent,,1600.0,,,323800.0,,1558.0,,,2.0,1.0,"304 7th Ave W, Kalispell, MT 59901",304 7th Ave W,Kalispell,MT,59901,48.193863,-114.32342,,False,,,,
452356266,FOR_RENT,Apartment for rent,,1450.0,742.0,2.0,,,,,,2.0,1.0,"1104 3rd Avenue West - 5, 1104 3rd Ave W, Kalispell, MT 59901",1104 3rd Ave W #5,Kalispell,MT,59901,48.187088,-114.31452,,False,,,,
2078312214,FOR_RENT,Townhouse for rent,,3400.0,1400.0,2.0,612200.0,437.0,2838.0,,,2.0,3.0,"130 Miles Ave #130, Whitefish, MT 59937",130 Miles Ave #130,Whitefish,MT,59937,48.41109,-114.3428,,False,,,,
450283540,FOR_RENT,Apartment for rent,,950.0,,,,,,,,1.0,1.0,"640 E Oregon (MK), 640 E Oregon St #A580, Kalispell, MT 59901",640 E Oregon St #A580,Kalispell,MT,59901,48.205494,-114.305756,,False,,,,
2085726459,FOR_RENT,Apartment for rent,,1700.0,950.0,2.0,,,1633.0,,,3.0,2.0,"3 Bed and 2 Bath Condo. Pet friendly. W/D In Condo, 8 Diane Rd APT 2, Columbia Falls, MT 59912",8 Diane Rd APT 2,Columbia Falls,MT,59912,48.365883,-114.20868,,False,,,,
78140448,FOR_RENT,House for rent,,2150.0,1450.0,1.0,592900.0,409.0,2381.0,,,3.0,3.0,"2006 Greatview Dr, Kalispell, MT 59901",2006 Greatview Dr,Kalispell,MT,59901,48.17541,-114.317,,False,,,,
92056064,FOR_RENT,Apartment for rent,,2795.0,1680.0,2.0,528300.0,314.0,2357.0,,,3.0,2.0,"195 Meadow Vista Loop UNIT D, Kalispell, MT 59901",195 Meadow Vista Loop UNIT D,Kalispell,MT,59901,48.22561,-114.33791,,False,,,,
445926362,FOR_RENT,Townhouse for rent,,1995.0,1400.0,1.0,385800.0,276.0,,,,3.0,2.0,"343 W Utah St #343, Kalispell, MT 59901",343 W Utah St #343,Kalispell,MT,59901,48.20746,-114.32307,,False,,,,
250249380,FOR_RENT,House for rent,,2795.0,1374.0,2.0,516700.0,376.0,2731.0,,,3.0,2.0,"2057 Mahogany Ave, Kalispell, MT 59901",2057 Mahogany Ave,Kalispell,MT,59901,48.245415,-114.26798,,False,,,,
2086862494,FOR_RENT,Apartment for rent,,1450.0,,,,,1411.0,,,2.0,1.0,"2 Bedroom 1 bath Apartment w/ carport, 1406 5th Ave E APT 7, Kalispell, MT 59901",1406 5th Ave E APT 7,Kalispell,MT,59901,48.185905,-114.301674,,False,,,,
122865367,FOR_RENT,House for rent,,1800.0,,,733900.0,,1625.0,,,1.0,1.0,"2405 State Highway 206, Columbia Falls, MT 59912",2405 State Highway 206,Columbia Falls,MT,59912,48.32742,-114.15807,,False,,,,
2055871067,FOR_RENT,Townhouse for rent,,1750.0,956.0,2.0,346100.0,362.0,1753.0,,,2.0,1.0,"1698 Bull Run, Kalispell, MT 59901",1698 Bull Run,Kalispell,MT,59901,48.182877,-114.29369,,False,,,,
